Factories	2
gJobs	50
gStage	5
Number of Machines at each stage
1	3	1	2	2	
Processing times of jobs
19	4	12	29	17	
8	5	29	7	15	
26	29	22	24	9	
2	9	30	3	6	
10	5	25	28	18	
21	6	6	24	26	
9	5	4	20	22	
25	2	30	16	13	
19	15	9	1	10	
23	14	11	17	14	
24	30	1	28	8	
26	12	30	9	14	
3	16	5	14	21	
29	2	8	24	9	
20	12	26	29	6	
7	8	20	29	30	
15	25	18	5	14	
16	28	16	25	24	
28	7	30	16	15	
28	10	14	5	20	
16	1	16	16	27	
13	3	30	3	24	
9	11	22	6	11	
17	15	14	1	8	
11	15	23	29	18	
15	19	27	10	13	
5	29	27	29	23	
7	7	27	22	30	
11	4	9	14	25	
30	24	9	23	8	
17	18	19	26	18	
14	21	24	19	6	
5	20	21	18	30	
3	12	7	17	12	
23	7	22	12	9	
14	30	15	11	25	
18	20	18	27	27	
21	29	29	26	7	
7	9	9	21	7	
19	28	13	3	7	
20	10	10	20	20	
8	24	1	22	4	
20	3	25	13	30	
17	14	8	18	20	
5	4	19	10	11	
17	25	23	25	6	
7	2	23	6	7	
13	18	29	10	18	
7	17	25	11	19	
14	23	15	27	3	
Energy consumption per unit  time for processing
6	
6	6	6	
5	
5	5	
6	6	
Energy consumption per unit  time for idle
4	
4	4	4	
4	
4	4	
3	3	
Energy consumption per unit  time for blocking
1	
2	2	2	
2	
2	2	
2	2	
