Factories	3
gJobs	50
gStage	8
Number of Machines at each stage
1	3	3	1	1	1	1	1	
Processing times of jobs
21	25	22	10	16	20	25	9	
6	24	6	26	17	22	26	6	
1	11	9	20	9	11	2	5	
1	30	12	4	2	6	19	17	
30	13	4	1	23	18	23	29	
12	26	29	6	5	21	10	24	
5	11	11	20	7	20	5	28	
17	12	29	11	21	18	6	21	
20	4	15	12	27	10	2	25	
1	7	1	16	14	22	25	30	
4	19	18	14	16	7	6	27	
4	7	3	3	12	10	20	11	
30	16	3	10	15	22	14	20	
22	1	18	17	22	4	28	7	
30	16	30	2	22	14	6	9	
24	29	29	23	22	30	23	26	
25	24	8	23	13	3	1	29	
14	20	21	7	28	5	25	6	
13	28	3	9	21	30	7	9	
22	18	3	10	12	27	1	27	
19	4	3	24	2	24	16	23	
17	12	19	29	24	16	28	19	
22	10	28	21	21	25	19	4	
13	8	29	21	4	29	2	9	
14	4	16	12	27	19	12	1	
22	9	8	22	16	25	6	13	
14	28	12	1	11	23	2	14	
7	3	4	19	19	20	22	9	
1	25	21	15	30	20	23	27	
22	24	30	29	11	20	5	26	
12	12	19	11	12	20	27	11	
27	11	14	2	1	24	26	14	
9	9	19	30	26	11	25	16	
29	22	7	13	12	9	11	12	
17	18	18	9	2	8	27	29	
5	19	25	21	8	7	7	9	
21	30	9	25	14	12	18	24	
27	9	29	1	9	14	12	30	
19	24	6	18	10	9	2	24	
24	7	4	9	14	13	9	28	
12	30	26	7	16	19	1	15	
5	30	27	10	4	18	11	13	
26	16	16	27	13	11	28	17	
7	13	18	25	14	12	18	10	
14	20	24	20	15	12	7	20	
28	9	18	24	2	14	21	21	
13	14	10	30	29	13	25	26	
4	13	23	24	2	15	20	4	
3	2	1	9	16	6	10	12	
15	4	28	4	19	30	26	30	
Energy consumption per unit  time for processing
6	
5	5	5	
5	5	5	
5	
6	
6	
6	
5	
Energy consumption per unit  time for idle
4	
4	4	4	
3	3	3	
3	
3	
3	
4	
3	
Energy consumption per unit  time for blocking
1	
1	1	1	
1	1	1	
1	
1	
1	
2	
1	
