Factories	2
gJobs	250
gStage	8
Number of Machines at each stage
3	1	2	1	2	2	1	1	
Processing times of jobs
1	21	21	30	4	18	18	22	
20	5	23	2	25	8	15	11	
23	12	13	24	22	21	19	24	
29	24	23	24	30	7	13	9	
10	28	27	27	27	27	7	3	
8	4	8	11	3	27	20	22	
2	13	15	19	12	4	3	28	
11	16	22	17	29	9	16	23	
12	24	2	4	6	4	25	1	
5	25	4	28	6	26	4	11	
27	28	4	7	10	19	22	27	
4	14	22	14	12	18	23	15	
28	25	27	13	16	30	5	22	
2	20	14	25	9	24	20	16	
8	6	1	6	12	15	2	3	
21	1	25	19	26	23	11	29	
16	30	12	14	17	6	15	28	
3	27	16	28	14	29	24	22	
3	14	29	20	20	15	29	8	
26	25	13	4	2	16	15	3	
13	11	2	3	2	24	25	29	
8	9	28	25	21	19	23	17	
22	17	16	3	9	6	14	6	
19	29	12	7	12	21	25	10	
11	8	8	12	19	13	13	15	
15	20	21	17	11	29	15	12	
4	8	30	18	15	11	17	15	
17	26	12	20	12	3	23	20	
18	20	6	28	8	28	27	22	
19	21	16	28	1	16	1	2	
30	4	23	13	30	19	17	28	
10	28	24	18	15	24	29	13	
13	6	22	25	12	14	15	15	
13	28	14	10	7	9	20	15	
28	15	12	25	1	15	5	26	
24	16	29	25	27	3	27	1	
8	11	1	16	5	4	2	9	
26	7	19	22	9	9	4	21	
28	12	1	25	13	19	9	1	
12	18	20	7	16	25	23	6	
21	2	5	19	9	11	25	28	
13	10	1	18	17	24	8	23	
11	6	30	5	24	30	6	22	
28	17	29	22	14	25	17	14	
5	25	20	21	7	16	23	17	
7	23	24	18	23	16	21	30	
11	28	26	17	8	17	29	23	
9	19	26	18	20	22	17	21	
19	22	26	28	25	10	24	10	
27	27	16	2	13	4	13	30	
4	29	4	13	23	25	23	10	
7	13	12	19	1	17	15	26	
28	13	8	2	17	4	12	9	
22	7	19	2	23	2	19	28	
25	20	10	3	15	7	20	19	
20	14	30	15	21	23	12	5	
29	29	18	14	26	6	14	30	
15	20	12	11	25	13	13	22	
16	4	29	4	13	24	16	8	
11	5	5	4	2	5	5	14	
7	14	27	28	26	3	5	28	
4	30	6	24	5	8	8	30	
7	7	13	13	20	23	20	17	
20	7	15	18	18	13	1	11	
15	18	10	29	6	4	2	13	
13	24	16	11	27	4	13	16	
23	10	1	2	30	6	19	17	
18	28	14	16	8	26	10	12	
14	29	18	4	28	12	23	12	
11	21	12	25	18	26	8	10	
23	2	2	24	25	30	20	12	
27	13	6	16	28	28	8	23	
25	20	23	21	30	6	2	20	
12	16	3	8	23	10	4	26	
5	10	30	1	9	1	23	24	
19	22	8	20	2	1	20	20	
26	11	25	27	15	27	3	5	
16	28	23	2	10	17	7	30	
19	23	28	29	17	16	4	1	
25	19	30	20	3	17	19	13	
17	7	18	7	15	10	22	4	
8	1	21	21	3	13	6	18	
21	8	29	26	28	3	1	6	
21	1	14	8	4	4	22	13	
24	28	4	22	19	26	25	22	
8	20	14	15	1	9	12	21	
3	16	19	2	5	21	30	16	
25	9	6	10	21	23	29	10	
18	3	23	15	11	11	18	16	
10	7	24	2	18	25	12	29	
28	6	17	23	23	29	25	6	
7	19	7	22	28	1	26	19	
6	13	16	24	25	6	13	15	
27	5	16	3	16	24	8	12	
15	21	6	14	27	5	1	9	
2	9	17	15	12	7	15	15	
15	3	22	26	10	29	16	21	
4	18	30	2	18	21	2	2	
16	23	10	5	14	4	17	29	
29	4	18	25	5	15	6	14	
14	24	24	9	12	26	11	23	
3	21	25	10	6	10	18	17	
27	1	6	15	3	4	20	21	
20	19	10	28	25	2	9	4	
26	29	22	15	3	14	20	17	
30	11	24	24	4	4	30	3	
3	30	14	7	9	26	28	13	
25	12	12	12	8	11	12	6	
10	3	29	6	16	8	13	27	
29	2	13	4	17	21	4	28	
12	17	11	9	10	18	26	3	
9	12	7	25	11	27	19	17	
25	4	19	14	27	18	19	23	
15	13	23	6	7	24	25	21	
18	23	8	3	22	7	22	1	
26	24	19	21	27	19	12	27	
18	1	7	5	18	5	21	27	
12	20	15	16	9	23	4	22	
8	1	9	30	2	2	9	17	
4	17	17	30	18	25	10	15	
15	9	8	15	4	25	23	13	
28	8	11	4	19	17	18	24	
10	26	19	7	16	8	30	5	
6	26	14	10	16	20	22	11	
2	19	20	6	23	19	29	21	
6	27	24	29	29	11	27	13	
20	16	8	26	22	20	15	23	
2	15	30	11	15	28	5	7	
6	2	14	4	24	13	15	7	
4	16	29	25	28	4	4	16	
15	22	11	8	27	22	15	2	
4	24	26	26	26	12	11	7	
9	25	22	14	27	14	10	2	
17	20	22	12	28	1	11	15	
24	15	19	11	23	15	18	2	
21	12	18	9	2	26	12	29	
3	21	23	4	26	13	26	2	
3	22	29	26	27	18	20	27	
13	18	4	5	11	5	7	2	
16	27	29	26	10	23	29	29	
1	14	24	14	20	10	17	26	
10	1	17	1	30	28	19	14	
4	24	3	8	9	19	27	25	
24	12	26	5	9	22	25	15	
29	3	9	8	1	24	16	25	
13	30	9	29	24	3	13	13	
25	26	1	24	19	11	30	29	
14	2	15	2	18	6	19	8	
26	12	1	2	21	19	6	5	
12	6	30	18	26	16	26	6	
12	11	25	7	24	28	1	4	
11	22	9	17	16	18	9	2	
22	28	11	9	21	24	25	4	
12	19	5	6	13	9	18	12	
16	2	13	11	22	11	17	11	
18	17	11	26	4	4	21	24	
17	23	15	16	12	25	18	11	
25	16	24	9	22	1	12	1	
6	16	7	3	13	16	8	19	
28	14	25	28	11	5	1	29	
28	13	10	7	20	5	13	13	
27	22	11	2	4	3	3	19	
14	11	4	9	18	28	29	6	
4	10	1	9	27	21	23	23	
29	6	20	17	27	19	15	28	
9	6	3	27	10	20	5	18	
10	10	29	22	19	13	1	13	
2	11	24	25	6	14	3	12	
8	7	6	2	25	28	27	25	
27	1	27	11	25	3	13	26	
21	16	2	15	24	18	28	12	
24	6	6	6	23	3	15	13	
16	2	19	26	20	13	23	2	
5	30	13	17	5	26	8	22	
13	16	8	14	16	25	16	5	
8	16	5	20	6	27	23	27	
14	15	11	11	13	17	20	23	
8	6	26	11	20	8	6	21	
14	29	2	11	6	27	24	28	
25	16	1	9	1	1	19	18	
5	22	3	17	29	29	5	30	
2	21	15	9	6	18	25	1	
15	26	14	6	18	15	15	19	
24	5	29	15	5	16	26	29	
9	30	26	2	4	19	9	17	
1	8	6	12	18	5	28	11	
2	20	15	11	28	12	24	12	
19	4	13	22	16	4	19	26	
8	7	18	14	2	12	16	12	
2	24	24	23	11	16	9	25	
13	29	10	23	8	25	27	1	
6	12	26	16	10	1	27	19	
6	17	9	16	28	17	20	22	
30	10	2	4	29	30	24	29	
21	18	13	12	4	26	15	25	
1	12	5	24	16	11	8	24	
23	26	27	14	8	21	4	17	
3	22	22	8	20	20	15	23	
29	22	28	24	20	12	21	28	
1	13	15	26	21	15	20	25	
4	7	30	28	16	27	27	8	
29	20	10	7	16	3	15	21	
13	22	16	19	10	9	3	1	
4	13	26	2	5	17	6	20	
11	2	8	24	1	8	17	18	
30	28	25	21	19	12	16	19	
23	23	24	3	9	25	18	7	
16	27	6	4	16	1	21	6	
20	24	25	18	27	3	11	29	
18	12	20	26	18	21	21	6	
23	22	19	14	30	23	28	16	
6	26	30	16	6	9	21	27	
21	3	21	18	22	18	18	9	
27	7	16	2	26	1	19	26	
19	16	24	10	8	20	8	30	
7	1	3	13	19	8	25	2	
21	10	8	22	13	8	20	26	
1	17	24	19	19	3	5	12	
14	18	11	11	5	9	23	30	
5	29	22	10	30	10	30	6	
14	22	24	13	7	1	18	8	
12	1	18	2	21	28	3	7	
3	19	18	9	30	9	7	19	
12	27	19	27	4	8	9	3	
16	20	15	20	13	1	29	14	
22	16	8	1	23	15	7	21	
30	17	16	29	7	28	10	9	
10	12	9	15	17	22	10	21	
7	27	5	3	14	11	23	18	
29	7	5	27	23	11	27	12	
23	9	26	21	30	8	19	7	
27	16	19	4	5	13	27	14	
9	24	23	11	15	22	24	2	
4	9	10	11	7	15	29	17	
13	10	2	7	16	28	21	27	
1	8	9	26	23	2	11	20	
25	12	30	6	11	30	15	12	
10	27	1	17	18	15	1	19	
22	25	17	1	3	30	1	29	
26	7	21	17	19	4	21	22	
10	19	15	4	13	9	11	26	
27	8	17	11	17	2	14	24	
30	9	16	23	15	3	28	23	
18	6	30	13	5	10	20	7	
1	6	20	17	6	26	17	28	
7	24	19	10	4	17	23	19	
8	21	17	15	2	16	24	3	
29	30	15	30	26	5	14	9	
16	26	19	13	4	17	8	14	
7	6	13	11	10	15	23	28	
Energy consumption per unit  time for processing
5	5	5	
6	
5	5	
6	
6	6	
6	6	
6	
5	
Energy consumption per unit  time for idle
3	3	3	
4	
3	3	
3	
3	3	
3	3	
4	
4	
Energy consumption per unit  time for blocking
1	1	1	
2	
1	1	
2	
2	2	
1	1	
2	
1	
