Factories	3
gJobs	50
gStage	5
Number of Machines at each stage
1	2	2	3	1	
Processing times of jobs
18	25	8	14	21	
24	3	26	24	14	
4	12	26	6	11	
15	11	14	8	16	
1	10	18	19	8	
12	4	6	29	29	
18	8	19	12	11	
5	7	17	4	10	
1	14	19	9	9	
3	20	24	30	9	
10	10	24	6	6	
18	22	26	9	9	
2	11	4	1	16	
30	4	18	11	4	
3	23	14	21	10	
8	25	16	2	18	
18	5	1	16	18	
3	4	9	24	2	
23	5	16	22	28	
2	15	19	23	20	
21	21	6	6	17	
10	1	6	11	2	
18	13	19	16	28	
20	15	11	15	25	
12	6	5	19	15	
5	18	17	7	25	
23	5	16	19	30	
17	8	13	12	14	
15	29	20	11	4	
12	14	13	27	1	
4	29	6	28	20	
3	13	28	9	16	
8	27	3	7	13	
16	30	26	6	14	
18	28	23	11	9	
5	2	16	15	16	
24	17	21	5	9	
16	27	19	18	29	
28	7	28	9	15	
28	1	2	24	25	
11	17	9	21	21	
26	19	18	1	2	
18	20	22	25	13	
30	5	30	17	18	
10	17	28	28	5	
11	25	14	15	12	
2	9	16	23	4	
24	29	19	23	2	
5	9	13	28	9	
24	17	19	17	5	
Energy consumption per unit  time for processing
5	
5	5	
6	6	
5	5	5	
5	
Energy consumption per unit  time for idle
3	
4	4	
3	3	
4	4	4	
4	
Energy consumption per unit  time for blocking
1	
2	2	
1	1	
2	2	2	
2	
