Factories	2
gJobs	50
gStage	8
Number of Machines at each stage
2	3	3	2	1	2	2	3	
Processing times of jobs
22	12	27	24	3	5	27	12	
19	17	28	13	13	11	23	30	
29	27	4	2	26	28	10	15	
11	10	15	4	27	3	10	22	
7	29	22	20	18	23	5	2	
30	20	19	28	7	11	4	11	
14	16	2	10	6	20	7	6	
6	16	29	15	14	14	7	4	
25	4	5	24	2	15	19	14	
13	14	26	15	19	26	22	12	
1	8	14	3	20	20	30	26	
4	29	8	13	27	5	29	15	
24	12	23	10	2	9	16	9	
1	26	20	12	14	25	20	5	
3	6	12	7	22	17	22	21	
15	29	17	11	17	9	25	5	
28	19	20	17	1	21	23	19	
12	3	22	23	24	10	14	1	
12	16	12	5	9	7	12	6	
12	23	1	21	27	23	19	17	
24	27	21	13	11	10	6	26	
28	10	24	8	15	16	28	28	
12	9	24	29	15	21	16	25	
1	13	1	9	12	7	20	19	
3	15	29	11	24	1	22	13	
9	25	9	29	14	7	11	26	
5	21	14	14	22	3	19	2	
16	12	6	14	22	7	5	21	
7	2	29	24	10	14	27	20	
28	7	25	18	29	7	22	13	
14	28	30	24	13	11	4	15	
6	1	2	12	21	2	26	25	
20	6	7	14	15	19	3	13	
5	2	5	5	12	24	8	15	
6	25	30	21	28	8	21	22	
8	9	15	2	27	8	8	23	
28	13	7	29	17	17	18	2	
30	9	8	25	18	20	20	2	
23	19	28	7	13	9	9	23	
18	3	30	2	21	18	30	21	
16	14	22	13	24	24	5	26	
8	6	11	12	19	14	10	20	
3	7	20	30	18	7	15	2	
30	27	4	1	6	27	22	1	
18	19	5	10	23	9	24	11	
10	6	4	14	25	6	20	27	
6	10	12	7	28	3	29	10	
5	2	25	27	19	28	27	26	
14	25	29	7	5	19	21	7	
20	4	15	7	3	21	25	30	
Energy consumption per unit  time for processing
5	5	
5	5	5	
6	6	6	
6	6	
6	
6	6	
6	6	
6	6	6	
Energy consumption per unit  time for idle
3	3	
3	3	3	
4	4	4	
4	4	
3	
3	3	
3	3	
3	3	3	
Energy consumption per unit  time for blocking
2	2	
2	2	2	
2	2	2	
1	1	
1	
2	2	
2	2	
1	1	1	
