Factories	2
gJobs	300
gStage	10
Number of Machines at each stage
1	1	2	3	2	1	2	3	2	2	
Processing times of jobs
14	16	1	19	26	27	10	13	20	12	
1	28	27	28	27	17	13	9	15	19	
16	17	11	24	15	23	3	30	4	14	
17	30	16	11	11	10	22	24	15	13	
20	9	10	20	5	23	1	16	4	29	
2	30	19	15	7	8	27	10	11	16	
21	12	2	12	12	26	1	2	2	28	
5	29	5	5	19	30	6	10	10	14	
1	14	6	26	20	29	1	29	6	19	
12	29	19	3	6	15	9	22	13	29	
5	12	28	13	21	27	14	25	8	1	
8	10	8	7	5	1	8	29	2	20	
30	22	11	14	16	10	4	17	19	18	
29	17	20	27	8	6	3	15	12	21	
3	23	14	24	17	18	4	17	11	2	
9	11	13	30	6	18	6	28	8	14	
20	29	3	12	2	16	6	8	24	24	
17	28	30	7	19	21	19	22	24	12	
27	16	15	7	5	2	3	9	24	29	
15	27	3	15	23	5	4	22	5	19	
22	3	10	20	27	27	2	23	18	6	
23	9	25	26	24	15	3	4	30	17	
2	14	12	10	10	26	21	22	30	5	
12	20	11	23	16	19	18	11	11	16	
28	29	8	22	15	27	6	19	8	7	
27	15	3	24	10	18	11	3	10	13	
14	22	7	25	6	24	19	19	10	22	
27	18	11	4	16	27	5	21	3	1	
6	25	16	12	25	8	1	4	27	26	
17	10	14	12	12	19	17	14	16	8	
16	10	4	5	12	13	7	28	28	22	
17	1	7	3	26	18	20	7	19	11	
9	20	9	19	11	2	6	5	8	21	
25	23	9	30	13	21	4	13	25	27	
29	13	8	29	29	7	2	24	1	16	
17	16	11	14	10	8	22	21	2	15	
14	21	13	2	16	2	21	24	5	26	
15	18	15	24	2	9	23	2	9	12	
8	24	26	17	1	2	2	11	23	30	
15	4	9	9	11	9	14	22	22	10	
5	27	26	29	4	14	5	7	18	27	
27	8	3	27	7	11	27	10	8	14	
18	28	26	26	23	21	21	24	12	15	
21	23	23	16	9	28	14	14	29	28	
6	17	8	14	19	28	10	11	29	21	
23	11	7	6	25	2	17	20	30	3	
15	26	8	12	23	4	18	4	1	21	
13	12	25	11	29	14	21	16	26	29	
19	1	15	23	3	18	8	18	30	20	
15	20	14	19	12	1	11	14	3	9	
13	22	10	29	9	21	25	30	9	18	
6	30	3	29	25	16	26	15	2	23	
12	3	12	13	3	6	12	12	12	21	
12	22	15	14	3	17	5	2	19	6	
17	9	14	6	23	28	26	1	22	7	
16	4	27	18	22	30	26	30	20	5	
14	18	27	4	29	30	6	12	19	26	
4	4	9	22	22	25	13	16	26	3	
6	24	14	10	19	26	4	6	27	21	
9	14	13	19	14	4	7	29	1	8	
9	28	16	19	21	4	19	30	9	25	
14	5	9	27	21	8	23	17	16	15	
29	28	2	12	6	1	23	23	3	9	
9	1	12	14	11	11	4	18	12	25	
14	3	3	12	19	3	5	24	25	9	
3	26	17	12	23	26	30	9	22	27	
8	17	25	5	14	21	16	24	5	11	
26	3	23	26	25	22	2	28	21	29	
17	27	11	22	18	30	29	22	3	28	
17	21	28	22	7	5	22	12	14	30	
30	19	29	10	12	1	3	14	21	27	
28	21	16	21	9	11	23	29	24	23	
15	13	5	2	25	27	18	17	9	19	
1	25	1	1	15	29	29	25	4	26	
2	8	26	29	10	14	26	11	19	14	
3	5	2	25	27	6	6	9	7	17	
18	8	28	23	23	2	12	26	15	22	
2	11	25	4	26	19	10	19	28	21	
15	22	7	20	12	5	12	10	12	17	
4	25	21	16	20	24	28	27	24	11	
30	13	3	13	10	9	19	24	8	13	
21	30	12	29	12	16	26	14	28	8	
1	20	26	7	2	17	19	17	26	9	
5	30	30	4	10	19	16	24	30	5	
16	25	16	28	9	4	7	5	21	15	
11	28	7	16	26	1	7	30	17	4	
26	29	19	7	11	27	20	2	5	22	
9	22	5	10	17	2	24	22	19	15	
19	12	14	22	27	18	26	7	12	2	
17	16	26	4	8	23	28	12	12	12	
7	12	4	18	7	27	16	12	21	14	
12	2	6	18	30	1	3	2	9	2	
29	12	10	9	30	2	28	3	4	28	
11	18	22	5	2	5	15	26	25	12	
19	11	12	21	28	24	6	25	15	14	
10	10	14	15	13	18	29	22	6	21	
13	5	17	2	12	27	18	14	5	4	
21	6	16	12	21	8	20	21	8	11	
7	13	3	12	2	30	21	1	8	27	
11	28	25	30	24	5	30	19	14	7	
3	2	13	12	10	26	15	8	17	22	
12	17	8	16	7	24	12	20	20	7	
15	10	28	10	26	3	9	3	7	15	
29	3	30	25	13	2	8	1	12	8	
17	12	2	26	3	13	16	23	16	28	
20	4	12	2	27	7	17	17	9	11	
24	13	30	17	26	10	1	20	28	4	
26	11	4	4	17	22	10	12	27	5	
12	10	28	29	5	18	6	23	25	19	
28	28	15	6	23	10	7	8	25	13	
1	29	1	6	16	21	2	1	7	14	
9	21	9	23	29	20	12	23	18	20	
2	12	29	11	24	9	13	7	4	30	
24	13	17	4	5	3	8	3	28	20	
14	27	24	9	11	16	29	18	16	24	
22	23	14	11	29	21	10	23	19	6	
15	16	8	15	2	10	20	3	22	1	
6	8	4	28	19	16	6	10	13	23	
2	10	1	10	7	27	18	22	21	3	
29	6	4	7	27	6	17	22	26	25	
22	23	28	7	22	26	8	2	5	22	
6	21	24	19	9	18	4	23	13	27	
17	19	24	23	8	3	8	28	14	10	
13	17	7	11	14	26	23	14	6	26	
2	5	14	24	30	8	14	18	23	19	
2	9	17	9	4	14	19	9	22	13	
11	28	6	24	4	30	28	11	6	9	
10	4	17	8	18	22	9	2	26	10	
20	14	2	18	9	16	26	17	28	11	
23	30	29	5	22	12	23	17	28	6	
12	12	24	24	29	29	21	10	17	26	
29	8	8	28	6	1	4	16	13	1	
17	28	29	28	21	19	10	1	2	8	
17	7	22	26	23	6	26	3	9	9	
22	1	19	16	15	27	6	18	2	6	
11	7	24	9	1	1	20	19	30	29	
4	20	26	16	23	6	10	4	17	13	
1	29	15	26	26	30	30	28	3	29	
23	15	19	29	16	20	1	14	1	15	
22	30	3	1	19	27	8	10	25	18	
16	16	18	5	20	16	26	6	19	20	
10	23	8	5	5	8	13	24	1	3	
23	21	9	25	11	22	26	16	19	29	
25	8	5	29	16	9	7	11	11	26	
18	15	17	16	27	2	20	4	28	19	
25	16	5	30	18	2	10	17	3	25	
14	23	11	17	13	9	9	27	1	30	
2	21	16	7	14	1	13	1	1	22	
3	8	8	1	28	3	17	16	29	3	
7	7	6	18	21	23	4	25	20	7	
21	2	4	1	1	11	15	22	4	22	
27	12	12	5	1	10	29	10	5	4	
17	27	30	28	17	23	17	6	2	6	
30	29	13	28	28	30	22	7	4	2	
8	20	10	21	28	27	4	3	18	11	
21	6	28	11	8	29	17	5	6	30	
24	21	8	23	19	1	18	24	19	8	
11	17	12	2	6	6	25	21	1	7	
9	3	17	16	12	8	8	25	21	6	
9	13	30	30	8	30	25	30	14	21	
28	3	28	25	22	20	17	30	7	5	
14	14	28	6	18	4	11	22	23	10	
11	13	1	15	24	18	23	4	23	30	
27	17	20	21	19	24	18	24	5	24	
1	7	16	3	8	17	3	14	6	12	
5	4	10	8	9	26	21	14	28	20	
8	6	12	24	5	21	30	14	15	20	
10	28	17	26	5	3	2	5	18	5	
13	12	9	14	12	27	29	28	12	19	
29	17	13	9	16	5	1	2	25	12	
5	16	15	21	15	8	5	2	29	11	
12	1	30	9	14	9	27	5	11	30	
23	2	17	19	6	7	15	20	11	29	
22	6	4	7	5	1	6	2	15	4	
28	12	28	11	14	10	4	25	4	8	
26	10	2	10	2	30	29	5	17	6	
4	28	9	3	13	9	15	20	7	1	
26	9	30	21	6	27	12	16	11	13	
25	26	15	4	28	12	12	11	21	10	
6	30	3	2	25	11	30	7	13	19	
16	18	4	25	8	15	26	2	6	12	
26	27	4	5	24	10	1	26	12	13	
6	5	16	16	6	27	3	19	26	11	
25	27	29	22	23	19	7	30	27	28	
14	15	26	7	16	2	16	8	17	13	
20	12	30	27	23	28	7	5	12	15	
11	9	18	17	2	20	26	2	26	27	
20	12	5	26	16	19	9	7	28	14	
30	21	20	3	20	15	1	25	18	9	
4	1	25	16	25	6	1	5	25	22	
1	29	24	10	17	25	9	23	23	13	
28	14	3	22	16	24	12	22	12	28	
19	18	17	22	27	29	11	26	13	20	
4	26	8	19	11	9	20	11	7	29	
29	18	23	13	21	1	21	7	16	2	
8	25	15	2	4	30	1	12	6	15	
9	23	21	6	14	14	16	19	8	27	
30	16	11	5	9	7	21	7	6	10	
25	22	12	19	28	19	8	22	27	27	
13	10	3	3	21	26	1	27	22	15	
6	12	13	20	24	27	7	13	26	4	
28	15	22	23	19	8	28	12	1	16	
16	19	15	19	5	16	22	6	21	7	
17	17	19	9	3	24	10	15	26	25	
7	8	19	16	19	20	6	30	15	3	
20	21	21	28	20	10	22	24	7	17	
5	8	16	21	16	3	8	11	19	30	
10	28	15	2	27	21	30	14	3	27	
6	1	4	11	3	5	19	1	16	6	
21	3	1	21	25	29	30	29	15	3	
24	26	6	10	19	10	29	6	23	20	
16	19	13	29	25	24	5	21	10	10	
3	23	9	9	8	18	7	25	20	29	
15	10	19	18	1	22	22	21	18	30	
24	3	30	12	10	14	16	16	30	5	
5	15	14	17	13	23	26	17	10	15	
1	22	30	14	23	6	1	24	18	22	
6	19	2	8	12	30	2	17	16	13	
13	22	9	22	8	10	16	4	25	9	
5	11	12	10	29	29	18	29	16	27	
19	18	2	13	30	8	19	17	4	3	
1	22	23	23	18	22	28	15	13	10	
22	21	15	24	20	23	17	12	18	13	
22	27	14	20	1	26	6	5	9	16	
2	11	10	10	29	21	10	9	10	24	
21	5	29	22	8	30	15	8	20	17	
22	11	10	1	3	17	23	12	12	22	
17	25	12	23	16	29	21	6	27	1	
6	18	7	7	18	25	9	23	11	4	
6	14	24	2	30	23	22	6	27	19	
7	10	6	4	7	8	27	12	7	13	
2	26	18	22	1	20	26	30	5	21	
21	19	14	22	18	25	4	23	20	23	
16	21	3	8	16	15	7	17	23	21	
9	17	18	2	30	1	19	1	6	3	
27	22	10	23	11	17	7	7	27	11	
7	3	6	25	28	13	17	6	16	13	
11	10	22	9	22	21	18	18	23	24	
21	8	1	26	3	27	12	17	10	18	
4	11	30	12	24	23	27	26	12	21	
3	17	28	7	11	10	6	5	28	10	
28	26	30	8	1	5	24	23	12	20	
20	29	5	24	13	4	7	26	2	22	
12	28	14	22	13	8	26	3	28	20	
28	24	25	7	18	2	28	23	3	14	
1	11	3	29	2	7	12	28	3	2	
5	19	19	16	27	27	25	8	27	3	
27	30	18	6	5	12	24	13	27	5	
14	8	19	18	5	19	20	14	20	1	
2	4	25	28	15	15	7	3	6	21	
6	23	14	24	13	17	16	5	1	18	
10	17	3	25	19	21	14	26	20	14	
15	19	5	10	19	8	4	19	18	3	
30	16	14	18	23	28	12	12	26	9	
6	19	6	26	16	4	22	23	24	7	
11	9	28	26	23	19	17	30	14	9	
12	29	18	14	3	18	13	28	4	30	
30	4	27	20	18	15	9	4	24	22	
9	11	28	19	3	17	3	3	15	25	
26	15	24	26	25	1	17	14	23	10	
7	4	17	17	10	12	26	12	6	17	
24	18	5	27	25	14	10	26	13	19	
15	26	13	1	17	29	29	25	25	15	
25	10	2	3	10	20	11	7	19	21	
29	25	9	29	8	6	22	2	18	2	
15	7	23	24	5	5	15	29	27	16	
14	20	28	24	5	20	25	22	9	24	
20	7	21	9	13	21	14	20	2	9	
25	17	3	28	20	16	14	26	4	15	
24	4	24	30	17	18	20	29	18	11	
3	2	23	13	11	19	7	17	13	28	
12	20	17	15	1	2	23	23	10	10	
10	16	30	30	29	9	6	1	4	7	
13	16	28	20	7	11	22	26	24	30	
19	5	5	25	2	30	3	3	16	13	
22	28	14	7	20	19	25	23	18	1	
19	2	28	2	15	3	15	26	2	7	
18	30	8	30	25	27	19	4	27	15	
17	29	20	22	16	4	8	27	4	9	
11	2	15	9	27	30	3	30	9	10	
7	23	14	4	11	4	16	25	5	20	
23	18	27	10	2	13	20	10	23	7	
8	19	24	6	4	24	22	1	25	12	
25	15	16	15	1	22	23	6	24	23	
2	11	17	25	16	29	5	26	13	20	
8	23	19	10	28	17	5	19	1	19	
20	29	24	27	13	15	17	16	2	21	
25	9	24	17	21	9	8	3	2	1	
11	7	13	11	13	29	21	11	3	4	
14	5	3	20	9	6	18	22	14	30	
12	9	13	7	3	15	25	20	20	29	
13	20	1	4	11	25	4	11	20	4	
6	14	12	13	30	8	15	24	8	2	
21	8	6	13	24	17	28	7	11	13	
20	24	18	6	18	8	27	5	22	17	
27	20	30	29	4	21	11	6	29	8	
20	30	25	28	22	9	2	30	20	19	
14	18	4	18	14	21	15	22	3	10	
15	14	15	5	25	29	23	5	19	15	
23	26	14	6	8	24	28	5	21	26	
Energy consumption per unit  time for processing
5	
6	
5	5	
6	6	6	
5	5	
6	
6	6	
5	5	5	
5	5	
5	5	
Energy consumption per unit  time for idle
4	
4	
3	3	
3	3	3	
3	3	
3	
3	3	
3	3	3	
4	4	
4	4	
Energy consumption per unit  time for blocking
2	
1	
1	1	
1	1	1	
2	2	
2	
2	2	
1	1	1	
1	1	
1	1	
