Factories	2
gJobs	50
gStage	10
Number of Machines at each stage
2	1	2	3	1	3	2	2	2	2	
Processing times of jobs
25	20	3	27	28	2	20	24	23	19	
30	27	4	19	15	20	27	2	5	7	
3	29	16	9	26	21	15	9	22	18	
11	30	18	30	14	16	3	24	16	29	
10	3	28	17	11	21	24	19	10	26	
2	21	11	4	6	16	1	1	19	9	
25	21	9	24	29	16	16	18	18	21	
18	16	30	30	9	23	8	2	22	16	
9	30	9	22	18	25	3	14	22	11	
19	11	15	23	21	24	30	9	3	1	
25	10	24	1	6	17	7	15	17	27	
30	8	14	15	5	18	28	29	5	5	
27	21	12	16	24	12	1	6	7	18	
14	5	28	5	15	30	18	10	1	16	
6	16	19	26	21	2	1	23	4	6	
7	16	28	21	15	6	26	22	12	27	
13	25	21	30	30	18	22	22	10	8	
17	9	8	21	18	20	3	3	15	4	
12	29	22	23	5	27	3	11	6	7	
2	21	20	10	30	4	21	18	10	20	
20	17	8	30	9	7	28	29	18	17	
9	25	19	2	8	17	18	8	23	15	
30	10	21	1	3	24	2	16	17	21	
18	9	4	7	22	23	3	8	26	29	
21	30	28	30	16	7	14	15	15	7	
6	20	5	2	8	4	9	13	4	23	
6	29	27	23	20	9	10	17	2	21	
8	1	25	28	20	16	1	17	23	21	
30	10	15	2	4	7	22	10	14	15	
30	22	22	21	16	8	20	3	15	21	
26	8	23	30	8	28	28	14	8	28	
16	16	7	9	3	9	25	21	25	4	
10	23	16	19	27	2	13	5	6	7	
26	2	17	19	24	12	4	20	1	26	
9	30	14	22	9	30	20	27	12	10	
7	9	23	11	27	12	15	1	11	3	
3	26	26	29	7	19	24	26	25	30	
28	9	20	12	7	14	18	22	17	22	
20	23	23	15	11	10	7	14	12	21	
23	26	23	6	13	20	16	10	12	25	
19	5	20	30	18	28	7	19	5	14	
23	10	3	16	19	1	12	6	19	12	
16	5	20	11	6	21	28	29	22	2	
3	3	10	5	8	21	20	10	29	9	
19	10	13	5	20	17	10	22	26	1	
1	10	5	6	17	9	6	26	25	19	
4	6	16	11	2	30	23	26	18	27	
25	19	2	26	8	23	9	5	11	16	
20	28	19	11	12	25	7	8	19	17	
3	19	10	21	15	4	10	7	29	22	
Energy consumption per unit  time for processing
5	5	
6	
6	6	
5	5	5	
5	
6	6	6	
5	5	
5	5	
5	5	
5	5	
Energy consumption per unit  time for idle
3	3	
3	
4	4	
3	3	3	
3	
4	4	4	
3	3	
4	4	
4	4	
4	4	
Energy consumption per unit  time for blocking
1	1	
2	
1	1	
1	1	1	
1	
2	2	2	
2	2	
2	2	
2	2	
2	2	
