Factories	3
gJobs	50
gStage	10
Number of Machines at each stage
1	1	3	1	3	3	2	1	2	3	
Processing times of jobs
24	4	28	13	10	17	18	30	9	26	
8	10	7	1	18	4	21	17	10	17	
24	4	9	30	16	11	13	10	5	13	
20	4	3	22	26	4	9	20	12	26	
22	1	9	3	2	30	29	2	1	13	
19	30	13	3	4	8	11	27	19	5	
2	16	8	11	16	16	18	28	5	16	
23	26	10	1	13	24	26	27	17	4	
20	10	13	3	23	4	9	15	21	20	
14	9	9	29	5	28	14	13	12	1	
9	1	22	12	26	14	5	21	25	6	
8	10	11	17	1	14	28	18	20	23	
6	21	24	5	29	25	29	26	13	1	
1	11	18	25	23	10	19	26	21	30	
10	11	30	23	30	14	21	5	15	29	
2	26	15	16	17	25	19	4	2	7	
8	10	3	12	13	23	10	12	29	11	
13	30	16	20	18	11	5	26	19	25	
18	25	25	10	17	21	23	1	20	29	
15	11	9	28	8	5	23	6	1	15	
11	1	7	23	19	25	23	8	28	16	
29	11	8	13	20	29	9	7	22	13	
5	23	7	19	27	10	24	15	7	27	
14	15	5	24	19	4	22	28	17	13	
19	14	17	17	6	16	8	11	28	9	
18	11	15	24	8	23	28	16	24	30	
17	21	19	26	14	29	20	17	1	7	
3	20	5	21	8	3	5	9	29	28	
27	12	25	29	15	14	29	27	29	1	
10	10	18	16	16	1	18	11	5	28	
16	1	23	20	3	3	5	25	4	29	
10	17	13	12	7	23	19	16	4	11	
5	30	19	13	19	6	9	24	4	1	
4	30	2	23	25	5	27	7	26	23	
5	4	19	15	7	16	27	22	20	25	
25	18	19	12	15	22	15	4	25	12	
21	29	10	1	6	27	25	19	10	12	
26	1	21	22	11	30	17	25	7	19	
3	10	16	23	8	25	1	16	23	9	
4	1	18	28	17	25	2	20	13	25	
18	2	17	11	2	26	26	26	18	7	
1	9	7	16	19	6	22	29	19	19	
24	17	29	29	8	27	23	21	5	5	
10	5	11	2	13	12	1	27	15	12	
4	1	9	26	25	11	9	11	4	28	
9	19	13	5	17	21	8	8	12	2	
5	24	16	5	23	23	14	11	20	3	
11	16	27	23	7	14	6	9	8	26	
4	22	25	12	2	4	30	19	23	15	
30	18	20	6	26	8	20	21	16	17	
Energy consumption per unit  time for processing
5	
6	
6	6	6	
5	
5	5	5	
5	5	5	
6	6	
6	
6	6	
6	6	6	
Energy consumption per unit  time for idle
3	
3	
3	3	3	
3	
3	3	3	
3	3	3	
4	4	
4	
3	3	
3	3	3	
Energy consumption per unit  time for blocking
1	
2	
2	2	2	
2	
2	2	2	
1	1	1	
2	2	
2	
1	1	
1	1	1	
