Factories	3
gJobs	100
gStage	10
Number of Machines at each stage
3	2	3	2	2	2	3	1	2	1	
Processing times of jobs
4	21	2	29	16	7	25	8	6	2	
14	22	18	12	8	12	21	16	12	15	
3	29	16	14	17	29	23	11	6	20	
14	8	28	25	18	21	26	7	1	9	
24	1	8	7	7	16	28	18	28	27	
28	30	7	30	9	8	25	14	26	2	
13	20	14	10	20	7	14	3	15	3	
12	23	23	26	16	18	15	14	23	24	
8	5	20	2	26	17	8	30	6	12	
23	18	20	25	3	11	11	5	19	4	
4	12	8	20	2	9	26	17	12	11	
8	1	21	18	4	26	18	28	7	25	
3	19	15	18	12	9	16	14	6	13	
3	27	8	24	15	15	13	8	9	9	
9	7	23	30	6	2	8	14	12	17	
18	12	9	1	27	24	23	10	25	8	
25	21	4	11	2	8	5	24	3	19	
8	2	3	4	16	30	20	7	5	29	
9	5	28	13	21	11	20	23	24	6	
22	26	7	11	1	5	20	28	26	4	
29	22	5	25	2	23	15	23	7	3	
5	22	21	30	9	6	15	11	14	16	
8	1	2	29	15	2	6	9	14	27	
16	17	21	26	22	28	27	15	15	10	
10	7	4	12	27	6	17	2	25	20	
8	29	19	24	7	20	7	29	7	18	
28	19	9	26	22	27	12	22	23	30	
18	22	21	29	21	10	6	5	25	3	
18	28	12	9	6	21	19	12	2	6	
3	18	22	20	20	4	19	16	17	26	
16	23	12	14	3	24	4	21	2	13	
2	24	19	22	10	20	18	25	27	3	
1	10	30	6	18	11	12	21	30	11	
21	15	26	16	8	11	19	23	19	18	
18	24	30	24	8	2	29	19	9	4	
11	12	20	17	13	6	8	9	25	18	
27	7	7	30	26	23	21	14	7	20	
7	23	5	20	27	20	18	26	13	18	
27	17	6	29	15	11	8	22	22	26	
23	5	5	24	23	10	19	10	5	10	
2	29	8	23	1	8	17	15	18	24	
12	10	11	4	10	10	17	18	23	16	
8	15	3	9	23	2	25	18	6	17	
28	9	21	10	17	3	11	10	10	26	
24	14	10	8	22	23	7	10	1	4	
3	19	19	12	9	10	8	4	16	2	
26	22	23	20	22	19	10	26	2	8	
9	28	29	13	6	13	13	3	12	30	
12	22	28	23	30	20	23	19	25	10	
24	17	25	1	10	15	30	29	21	25	
22	5	5	9	8	10	3	2	5	4	
21	8	8	18	21	4	2	29	17	9	
20	19	30	12	5	20	7	22	30	16	
13	11	15	19	12	2	5	7	17	29	
16	5	20	2	11	11	6	17	21	8	
12	8	21	4	6	4	9	21	20	10	
8	18	16	15	6	20	30	3	3	5	
8	17	22	12	28	21	17	16	27	24	
25	18	5	24	19	25	18	18	28	15	
8	8	16	7	2	26	20	20	6	26	
4	8	10	6	26	16	28	11	12	7	
13	26	1	17	14	28	9	21	23	5	
28	30	4	10	1	3	18	15	12	16	
20	20	15	22	28	11	9	25	13	9	
16	26	4	16	6	24	7	30	9	23	
17	4	16	6	30	20	14	28	1	2	
20	4	6	30	13	3	25	20	9	27	
24	8	23	23	20	4	25	11	18	5	
8	16	17	13	1	5	8	5	8	8	
2	18	28	14	21	14	18	21	18	2	
7	28	22	15	9	28	28	26	30	9	
26	10	7	11	1	25	9	9	14	7	
24	7	11	24	8	17	27	30	7	15	
6	6	24	12	6	17	30	4	30	13	
21	22	22	6	14	24	3	16	27	11	
17	29	6	15	28	13	14	1	8	1	
26	27	10	2	2	20	3	13	1	20	
24	1	30	4	26	28	15	16	24	4	
28	24	14	24	24	18	11	30	2	16	
1	23	24	30	11	1	6	23	2	20	
13	8	21	17	7	1	16	15	25	13	
12	30	2	10	8	19	7	19	20	8	
20	10	10	19	6	28	6	3	20	23	
3	10	25	19	22	8	14	23	6	2	
5	27	23	17	28	24	2	27	30	20	
22	30	26	23	12	10	2	20	2	21	
13	19	26	28	27	3	19	3	25	8	
21	18	22	20	6	6	4	8	3	15	
27	15	15	16	24	22	1	17	17	20	
15	11	18	7	29	1	10	8	22	1	
14	30	19	3	27	24	13	10	23	14	
26	12	29	18	27	9	10	18	23	25	
18	2	1	30	25	29	11	6	20	18	
25	23	7	10	26	22	2	5	10	27	
26	4	2	23	27	27	20	5	4	9	
27	17	17	23	7	27	15	3	15	8	
25	3	26	10	9	2	17	8	19	21	
28	24	7	20	10	26	27	1	1	28	
26	2	27	16	17	6	1	29	5	19	
21	24	19	20	20	21	13	22	29	12	
Energy consumption per unit  time for processing
5	5	5	
5	5	
5	5	5	
5	5	
6	6	
6	6	
5	5	5	
5	
5	5	
5	
Energy consumption per unit  time for idle
3	3	3	
4	4	
3	3	3	
3	3	
3	3	
3	3	
4	4	4	
4	
4	4	
4	
Energy consumption per unit  time for blocking
2	2	2	
1	1	
1	1	1	
2	2	
2	2	
1	1	
2	2	2	
1	
2	2	
1	
