Factories	3
gJobs	100
gStage	8
Number of Machines at each stage
1	3	3	1	2	3	2	1	
Processing times of jobs
1	12	18	4	21	11	3	25	
24	30	12	8	27	25	16	14	
1	11	11	10	17	28	1	19	
24	19	22	13	3	5	13	21	
17	24	18	26	10	14	20	12	
14	19	29	18	2	28	8	10	
2	25	19	20	1	8	10	28	
1	29	7	30	24	22	12	20	
24	25	3	17	7	27	13	21	
14	2	25	10	4	9	1	20	
22	14	25	13	27	13	14	12	
19	7	5	12	24	6	11	2	
5	8	10	13	18	3	8	27	
27	18	9	13	9	9	28	6	
11	18	3	15	11	25	24	12	
22	27	20	14	5	15	11	5	
18	6	10	9	12	2	23	3	
8	1	30	16	5	1	18	13	
19	16	20	18	26	27	23	24	
24	4	13	17	25	3	25	27	
7	15	4	24	13	30	19	27	
22	29	15	1	10	29	27	8	
8	13	22	3	12	4	30	6	
17	27	18	13	30	7	9	24	
20	17	1	12	24	11	8	28	
10	8	6	24	8	23	28	28	
24	7	10	11	2	10	20	21	
13	7	26	15	30	28	17	18	
19	17	2	8	7	20	25	29	
16	25	4	15	15	7	3	16	
3	26	28	6	25	9	6	10	
16	14	4	20	5	24	3	11	
27	22	2	17	29	10	15	16	
7	28	7	10	3	2	26	6	
11	26	9	23	3	26	23	26	
26	5	4	8	29	13	27	24	
23	5	2	25	18	16	21	6	
28	15	10	29	1	6	30	16	
11	15	4	7	8	15	25	1	
30	16	7	14	13	22	2	28	
29	10	6	1	16	24	4	12	
1	11	5	17	28	11	23	19	
19	10	9	22	18	2	9	4	
8	21	21	23	3	21	26	4	
22	25	21	26	7	17	7	26	
5	9	16	23	22	10	25	16	
18	30	21	13	13	11	12	16	
27	5	21	1	27	22	10	10	
18	26	8	14	15	23	29	16	
2	23	3	20	6	28	18	15	
15	27	28	19	11	1	17	29	
28	28	1	14	22	21	30	28	
21	9	4	10	29	18	2	3	
8	25	17	2	18	23	7	25	
10	15	23	28	12	15	9	2	
28	24	2	21	9	9	8	25	
29	20	30	29	15	9	29	6	
5	22	2	17	26	7	28	15	
15	16	24	11	25	23	9	7	
8	19	19	3	1	29	3	18	
7	5	20	9	21	22	21	14	
21	6	30	20	28	15	28	13	
27	29	22	15	14	9	2	24	
22	22	19	7	7	17	20	18	
23	24	1	19	8	13	13	22	
5	15	5	20	19	25	13	4	
15	5	22	8	23	21	18	20	
3	2	5	28	17	9	15	2	
22	23	5	1	22	10	14	2	
17	29	18	16	7	13	26	21	
21	22	23	14	20	6	26	19	
7	11	5	20	21	3	6	2	
12	10	17	16	14	30	23	16	
26	19	12	14	29	5	22	24	
18	2	30	16	17	24	27	5	
1	25	6	1	14	22	4	10	
2	23	23	19	3	22	11	5	
1	28	4	20	24	16	30	1	
12	25	7	5	30	9	6	26	
25	16	6	14	18	8	13	27	
2	12	30	2	11	14	2	14	
10	24	27	18	24	15	13	1	
27	14	9	30	23	14	24	13	
28	7	2	30	18	1	20	12	
4	24	3	2	1	24	17	5	
21	21	17	24	2	28	22	25	
21	9	8	13	25	14	14	19	
14	3	8	7	27	18	30	17	
22	28	9	23	1	22	6	7	
14	27	12	22	19	25	7	16	
6	24	17	3	2	21	23	10	
14	17	19	6	18	7	16	9	
30	6	29	20	16	27	1	25	
7	27	19	22	6	12	11	2	
13	26	8	17	25	11	6	16	
26	6	28	6	14	23	21	6	
9	4	3	10	24	6	1	27	
23	3	10	2	4	20	28	16	
20	3	8	27	7	27	26	11	
3	3	1	27	9	1	18	29	
Energy consumption per unit  time for processing
6	
5	5	5	
6	6	6	
6	
5	5	
6	6	6	
6	6	
5	
Energy consumption per unit  time for idle
4	
4	4	4	
4	4	4	
4	
4	4	
3	3	3	
3	3	
4	
Energy consumption per unit  time for blocking
1	
1	1	1	
1	1	1	
1	
2	2	
2	2	2	
2	2	
1	
