Factories	3
gJobs	100
gStage	5
Number of Machines at each stage
3	3	2	3	1	
Processing times of jobs
27	12	12	8	27	
14	10	12	21	28	
10	24	6	17	2	
24	11	14	10	14	
10	5	24	25	9	
30	22	7	30	28	
12	13	14	23	26	
30	24	13	1	23	
3	14	19	22	6	
18	19	10	27	23	
19	10	18	25	3	
18	6	13	9	6	
13	15	10	1	20	
21	30	23	21	22	
22	20	27	16	4	
2	15	3	9	16	
6	1	30	23	21	
8	11	24	9	25	
24	14	27	18	27	
15	20	11	22	22	
25	2	30	5	1	
5	22	2	28	7	
18	4	30	17	2	
3	5	21	3	6	
10	5	18	10	6	
20	5	5	30	7	
16	21	15	10	23	
22	25	25	30	23	
22	17	13	18	10	
30	9	23	1	28	
28	14	30	14	30	
2	18	3	2	17	
26	8	3	29	2	
1	25	9	10	1	
14	1	9	25	7	
25	25	20	1	29	
15	26	24	8	21	
5	24	11	14	29	
27	21	26	22	9	
28	28	24	19	22	
21	15	6	23	13	
24	11	3	11	12	
24	30	5	12	9	
14	11	3	9	14	
13	25	23	30	23	
25	28	16	22	12	
4	11	10	25	7	
9	4	6	21	29	
26	24	22	1	30	
13	26	10	7	16	
22	11	21	24	20	
2	8	23	28	9	
8	30	21	6	21	
28	24	28	21	5	
25	28	23	23	19	
28	30	18	22	27	
27	13	3	30	22	
14	13	15	7	3	
2	3	22	20	15	
29	8	13	4	3	
23	18	27	18	26	
13	5	1	21	26	
17	9	10	18	3	
29	16	19	7	15	
6	9	13	18	13	
15	18	3	3	2	
20	28	30	6	9	
27	27	19	28	19	
26	18	18	5	8	
18	13	18	26	8	
10	26	17	3	29	
24	7	26	12	4	
13	19	2	8	10	
18	21	17	29	2	
12	11	13	1	26	
4	7	15	29	6	
4	5	13	21	13	
11	8	15	30	12	
6	28	21	29	14	
7	15	9	30	20	
6	26	27	15	22	
2	26	12	8	2	
12	27	4	7	29	
17	18	8	8	26	
12	14	1	5	23	
26	1	7	23	29	
23	19	22	20	29	
16	22	21	16	7	
1	12	17	5	17	
25	8	18	6	13	
20	9	18	7	27	
3	11	19	26	25	
5	30	11	10	30	
4	30	26	27	17	
10	15	18	17	24	
23	18	4	17	7	
1	9	4	25	11	
2	11	16	26	11	
15	23	24	30	8	
11	24	29	15	5	
Energy consumption per unit  time for processing
6	6	6	
5	5	5	
5	5	
5	5	5	
5	
Energy consumption per unit  time for idle
4	4	4	
4	4	4	
3	3	
3	3	3	
4	
Energy consumption per unit  time for blocking
1	1	1	
1	1	1	
1	1	
2	2	2	
2	
