Factories	4
gJobs	50
gStage	8
Number of Machines at each stage
1	1	1	2	2	3	2	2	
Processing times of jobs
20	9	17	25	20	6	1	14	
22	23	13	9	20	4	29	19	
25	25	14	30	30	16	17	4	
21	20	10	4	15	9	20	20	
14	5	15	19	28	6	20	26	
2	3	10	14	4	22	15	7	
18	6	19	29	9	19	11	21	
27	16	29	7	20	13	27	16	
15	5	17	22	14	5	7	5	
19	7	5	10	2	18	20	17	
6	29	23	17	21	17	12	28	
3	23	28	30	28	16	4	14	
6	21	20	10	28	12	12	9	
12	29	24	23	21	5	7	9	
26	18	25	27	21	3	21	26	
25	28	11	13	27	13	14	16	
30	6	3	22	3	24	8	9	
15	6	11	21	1	1	14	3	
23	10	23	13	3	23	25	19	
9	21	5	29	4	9	22	7	
14	11	7	6	23	29	4	13	
6	15	15	20	2	15	28	17	
24	3	2	12	27	21	22	20	
17	2	27	11	26	21	22	29	
4	22	25	21	8	15	3	27	
12	23	7	23	26	21	1	30	
24	26	3	25	8	4	15	27	
20	24	3	17	23	2	30	27	
25	11	21	13	13	4	19	3	
23	3	27	10	22	10	18	2	
10	26	8	28	2	29	28	14	
9	13	26	14	11	15	4	3	
29	13	9	7	7	3	24	27	
23	13	16	12	19	3	14	30	
27	2	5	4	7	30	4	6	
3	28	4	10	28	14	14	26	
6	16	20	13	10	6	9	17	
25	17	11	16	21	7	12	21	
14	7	13	21	6	10	26	25	
29	18	30	23	15	8	26	4	
29	7	29	1	30	23	19	11	
3	24	4	8	28	21	12	27	
19	3	11	23	8	15	4	10	
6	28	3	19	30	28	6	11	
18	29	4	30	15	8	29	30	
16	12	2	26	2	23	22	6	
28	19	16	22	7	23	29	11	
3	15	21	20	23	23	12	11	
1	17	4	19	27	24	21	24	
18	4	10	9	4	10	27	1	
Energy consumption per unit  time for processing
5	
5	
5	
6	6	
6	6	
6	6	6	
6	6	
6	6	
Energy consumption per unit  time for idle
3	
4	
3	
4	4	
3	3	
3	3	3	
3	3	
4	4	
Energy consumption per unit  time for blocking
1	
1	
2	
2	2	
2	2	
1	1	1	
2	2	
1	1	
