Factories	4
gJobs	100
gStage	5
Number of Machines at each stage
3	2	1	3	3	
Processing times of jobs
26	25	7	24	9	
29	8	9	7	27	
18	7	2	29	5	
29	5	28	15	24	
23	10	17	15	28	
20	19	8	13	1	
21	8	29	15	7	
11	30	9	20	20	
23	12	29	30	27	
20	25	23	18	10	
28	19	19	25	9	
11	16	17	17	2	
21	10	9	26	15	
21	2	3	8	16	
27	8	15	9	8	
26	2	29	12	3	
8	3	13	4	25	
25	9	25	8	11	
19	12	21	23	10	
18	4	15	10	22	
8	22	20	24	21	
3	28	8	6	8	
27	6	26	19	27	
28	27	10	25	24	
19	4	8	30	3	
10	25	25	5	12	
12	27	27	30	1	
2	26	11	20	7	
26	13	24	15	11	
12	30	4	13	21	
15	17	10	8	2	
21	10	16	14	27	
21	24	7	18	23	
6	13	28	29	3	
9	22	18	24	7	
15	27	21	5	20	
21	30	27	17	25	
8	22	23	6	21	
17	11	15	10	17	
29	30	12	10	9	
12	30	5	24	15	
20	6	20	20	18	
14	17	24	23	14	
27	24	2	8	12	
18	8	10	18	17	
18	20	6	13	18	
30	17	4	4	12	
20	15	19	12	13	
24	8	11	18	21	
22	19	6	28	18	
4	1	9	15	20	
21	28	27	18	24	
19	22	12	17	15	
19	4	6	21	28	
29	25	3	16	7	
16	4	17	28	4	
24	14	13	19	12	
13	12	1	30	19	
12	29	19	6	14	
22	6	21	24	9	
14	12	19	9	21	
18	12	12	17	27	
11	10	16	22	7	
14	9	14	16	22	
2	16	16	20	5	
11	14	29	30	26	
28	26	24	9	11	
11	12	6	24	15	
22	22	24	28	7	
4	28	12	4	24	
6	27	21	4	18	
4	7	29	3	13	
1	22	8	18	18	
27	22	3	6	7	
10	4	22	11	30	
19	6	26	27	2	
16	14	6	28	11	
26	3	17	11	7	
17	2	24	29	27	
12	1	19	2	21	
5	22	24	19	15	
23	14	19	29	3	
27	26	8	7	29	
22	27	2	30	3	
20	4	10	23	25	
1	26	7	13	2	
29	13	23	17	4	
7	25	8	2	18	
8	2	20	3	13	
19	7	7	5	1	
5	10	26	14	27	
6	13	1	5	8	
29	18	10	26	20	
27	21	10	21	16	
26	12	20	13	22	
22	7	9	14	24	
16	11	10	26	1	
11	4	5	1	1	
12	23	4	14	27	
24	4	14	3	29	
Energy consumption per unit  time for processing
5	5	5	
5	5	
6	
5	5	5	
5	5	5	
Energy consumption per unit  time for idle
3	3	3	
4	4	
3	
3	3	3	
3	3	3	
Energy consumption per unit  time for blocking
2	2	2	
1	1	
2	
2	2	2	
1	1	1	
