Factories	2
gJobs	100
gStage	5
Number of Machines at each stage
1	2	2	3	2	
Processing times of jobs
29	29	9	23	22	
29	12	7	4	29	
2	11	3	5	29	
10	17	30	5	4	
19	22	1	4	19	
10	16	7	25	25	
11	17	29	1	14	
11	19	25	5	26	
21	7	8	14	8	
9	13	27	14	28	
11	1	24	17	5	
18	26	9	9	11	
14	20	19	13	25	
20	19	12	26	27	
9	9	9	24	30	
1	27	7	14	28	
25	21	26	12	17	
21	5	1	10	16	
29	17	11	12	13	
11	15	6	12	22	
19	11	2	16	10	
30	24	26	29	29	
10	2	3	15	6	
8	5	2	18	11	
9	14	6	20	1	
7	6	14	25	25	
29	23	25	27	15	
12	23	8	1	9	
10	30	24	21	30	
18	11	19	20	4	
2	3	21	11	28	
13	3	29	12	7	
1	1	22	17	11	
18	16	11	21	29	
18	9	9	25	7	
4	15	18	28	8	
9	30	21	30	9	
10	26	21	22	7	
7	24	15	4	22	
19	17	5	29	26	
9	9	7	1	11	
6	15	24	1	13	
26	5	8	30	26	
1	28	12	10	16	
8	13	14	12	29	
9	6	17	2	28	
9	5	9	16	10	
28	14	16	8	16	
28	2	4	14	10	
3	25	15	24	5	
18	29	11	2	21	
13	19	20	8	23	
27	8	21	3	5	
8	15	29	13	19	
30	9	13	1	2	
11	26	26	24	20	
30	3	16	11	11	
15	6	20	22	17	
30	6	26	25	23	
7	10	5	21	18	
3	17	5	28	1	
30	27	20	24	25	
24	8	5	7	7	
23	22	24	20	9	
11	24	9	24	29	
19	29	6	5	16	
12	29	15	2	8	
4	4	11	3	22	
1	14	5	20	9	
3	28	2	10	23	
22	17	21	3	19	
14	15	22	29	25	
25	16	18	6	11	
10	20	24	22	28	
6	18	12	22	22	
18	8	12	1	17	
13	18	20	13	16	
26	6	13	19	24	
17	15	26	29	2	
2	7	29	29	20	
6	7	29	3	7	
4	29	5	25	10	
4	27	21	29	20	
12	8	15	15	26	
4	2	21	17	21	
20	6	16	10	25	
17	17	21	30	2	
3	11	4	22	4	
15	22	21	14	12	
1	10	29	28	16	
4	30	2	30	19	
21	1	29	9	11	
3	13	12	24	9	
11	9	11	25	11	
24	18	15	28	25	
25	21	8	28	28	
25	15	27	25	21	
15	18	6	14	20	
26	24	14	7	27	
6	13	15	6	2	
Energy consumption per unit  time for processing
6	
6	6	
5	5	
5	5	5	
6	6	
Energy consumption per unit  time for idle
4	
4	4	
3	3	
3	3	3	
3	3	
Energy consumption per unit  time for blocking
2	
1	1	
2	2	
1	1	1	
1	1	
