Factories	4
gJobs	50
gStage	10
Number of Machines at each stage
3	2	1	1	3	1	1	3	3	1	
Processing times of jobs
23	17	23	21	14	2	16	27	26	25	
15	23	11	13	13	9	15	23	15	27	
15	17	2	21	6	1	11	10	10	16	
21	29	26	14	15	15	14	7	1	23	
12	8	20	11	30	10	5	15	22	8	
27	9	14	11	10	1	22	1	19	8	
2	11	7	6	11	17	29	17	30	10	
6	7	28	23	17	18	21	23	12	21	
22	20	18	14	27	21	7	15	21	28	
8	6	25	5	18	1	20	18	30	1	
14	13	20	1	17	20	11	26	2	6	
17	12	15	19	26	9	20	7	4	10	
7	12	14	17	4	8	20	17	18	13	
19	10	30	8	1	20	21	13	12	14	
14	7	19	28	2	26	11	9	19	22	
20	7	24	19	18	14	11	8	22	17	
2	17	7	1	4	6	20	2	17	5	
8	21	25	20	18	1	15	27	23	16	
24	22	28	19	21	16	21	21	12	21	
5	9	20	16	25	6	4	25	21	3	
23	8	6	23	20	20	19	25	7	22	
27	6	5	25	25	12	22	28	20	18	
10	5	24	8	21	4	16	6	28	11	
9	21	28	3	16	15	4	19	30	26	
17	6	5	4	26	26	9	6	19	19	
30	23	25	15	8	12	9	20	13	15	
28	13	18	7	30	20	21	24	1	1	
6	8	15	5	17	21	9	9	5	5	
24	21	5	18	5	13	28	14	14	17	
12	6	15	10	16	24	15	19	18	12	
7	25	15	19	29	9	13	6	1	29	
3	17	19	16	3	29	12	11	21	17	
30	8	22	6	3	2	6	20	1	25	
20	28	26	26	26	19	20	15	14	19	
30	8	3	30	6	1	11	16	28	11	
21	19	16	21	26	2	15	7	16	21	
9	2	24	3	6	6	26	4	17	17	
24	24	29	2	14	15	15	6	5	7	
16	18	9	9	6	2	3	18	4	26	
23	13	21	28	29	21	18	29	15	26	
18	21	14	15	25	16	15	3	9	7	
16	8	19	24	28	19	1	23	12	18	
10	7	9	17	10	2	18	13	25	8	
16	29	12	22	10	2	4	14	10	23	
12	21	5	16	21	5	7	30	12	24	
24	20	21	12	17	3	19	27	21	16	
29	11	15	21	13	15	5	25	14	2	
27	21	30	19	5	12	25	14	27	13	
11	24	2	12	21	13	23	29	28	6	
27	18	7	28	7	21	1	6	26	12	
Energy consumption per unit  time for processing
5	5	5	
6	6	
5	
5	
6	6	6	
6	
6	
5	5	5	
5	5	5	
6	
Energy consumption per unit  time for idle
3	3	3	
4	4	
3	
4	
3	3	3	
3	
4	
4	4	4	
4	4	4	
3	
Energy consumption per unit  time for blocking
2	2	2	
1	1	
1	
2	
2	2	2	
2	
1	
1	1	1	
2	2	2	
1	
