Factories	4
gJobs	50
gStage	5
Number of Machines at each stage
1	2	3	1	1	
Processing times of jobs
16	8	3	30	25	
9	9	1	11	21	
11	25	21	18	14	
21	5	28	13	26	
14	23	10	10	28	
2	10	6	13	24	
19	4	11	4	23	
24	13	13	1	6	
21	20	30	25	30	
12	4	29	21	26	
19	19	26	6	4	
11	2	30	9	5	
9	6	25	27	11	
1	14	6	6	29	
16	12	2	22	14	
2	13	12	27	5	
20	8	6	27	22	
20	10	10	24	11	
17	2	2	27	12	
27	29	15	11	20	
4	3	4	17	8	
16	7	12	18	3	
27	15	15	18	24	
16	15	30	8	21	
21	6	17	9	20	
18	8	8	12	30	
10	4	28	2	8	
27	10	30	3	28	
19	25	9	16	5	
24	13	17	8	25	
30	2	16	23	21	
22	5	2	21	4	
3	12	7	19	4	
29	18	16	24	16	
14	20	1	11	8	
26	12	17	19	7	
30	21	24	22	13	
11	25	1	2	21	
10	27	9	27	2	
28	11	28	14	12	
24	1	8	22	23	
22	14	5	11	8	
16	7	11	6	26	
12	18	29	16	16	
15	30	15	17	21	
27	17	13	6	18	
28	15	17	2	1	
5	19	2	6	16	
3	24	2	15	7	
3	10	15	30	15	
Energy consumption per unit  time for processing
5	
6	6	
6	6	6	
5	
6	
Energy consumption per unit  time for idle
4	
4	4	
4	4	4	
3	
4	
Energy consumption per unit  time for blocking
2	
1	1	
1	1	1	
2	
1	
