Factories	2
gJobs	100
gStage	8
Number of Machines at each stage
2	2	3	1	2	1	2	2	
Processing times of jobs
2	29	23	18	17	25	4	20	
8	1	4	25	23	14	13	8	
7	5	6	30	4	23	16	28	
4	29	24	13	28	2	12	26	
2	2	6	7	5	18	24	15	
2	20	18	11	12	19	25	4	
11	30	11	11	30	9	4	28	
21	25	28	4	25	19	21	3	
29	24	1	29	12	3	8	11	
26	9	21	9	8	13	6	3	
11	12	21	2	23	26	7	11	
19	29	10	23	8	1	27	28	
21	11	22	13	5	20	10	8	
7	21	11	8	2	1	20	4	
14	16	7	20	12	6	9	24	
20	28	30	24	8	2	12	15	
13	1	22	10	30	19	15	23	
7	15	10	1	23	6	29	8	
17	4	29	14	14	25	5	21	
6	9	12	28	2	28	13	17	
12	8	22	5	22	25	1	8	
3	27	19	10	2	30	27	18	
27	12	18	12	6	30	19	28	
13	2	28	1	16	14	19	4	
1	28	14	12	13	15	17	10	
27	23	29	1	6	5	3	19	
14	1	20	24	5	20	15	8	
30	16	28	17	25	16	30	30	
25	23	10	17	17	14	29	23	
15	16	7	4	26	24	20	10	
5	12	10	19	4	30	5	7	
3	12	22	8	25	2	25	22	
7	19	13	2	17	18	15	13	
20	7	28	3	3	9	22	17	
23	12	22	27	29	5	17	19	
29	26	24	11	18	14	28	8	
30	18	30	29	22	21	22	13	
1	7	28	15	18	4	8	26	
15	9	27	4	11	15	1	1	
24	13	3	29	19	27	23	22	
12	2	3	7	2	28	8	15	
4	16	27	19	13	7	22	26	
4	24	13	26	23	28	4	19	
9	13	7	29	17	6	8	25	
26	24	11	16	7	14	16	17	
17	15	2	13	15	1	24	23	
11	18	23	28	4	1	8	30	
29	25	23	4	14	14	17	2	
21	11	6	12	4	27	10	4	
29	23	21	23	20	18	16	15	
15	9	9	7	27	11	28	22	
15	28	15	23	10	21	22	23	
4	16	4	3	13	28	23	15	
6	20	22	10	28	19	1	1	
10	18	19	8	9	28	23	29	
12	12	28	1	4	15	9	6	
22	1	15	28	7	2	29	25	
3	11	23	4	2	19	29	29	
25	15	3	26	1	25	23	10	
6	22	20	5	4	3	6	9	
30	2	13	9	1	13	20	3	
17	16	12	21	11	23	9	8	
8	15	5	20	27	7	8	3	
26	1	12	8	7	8	12	12	
7	4	20	2	12	24	20	26	
21	25	19	2	5	13	13	20	
1	6	9	27	16	12	20	5	
4	15	24	12	8	20	5	14	
6	26	22	6	3	6	3	15	
6	13	6	26	20	2	28	29	
17	11	19	12	22	1	21	6	
25	14	29	13	26	2	11	14	
30	29	7	4	15	3	20	23	
27	14	16	24	17	15	16	28	
23	9	8	24	1	9	12	12	
7	12	9	8	20	9	28	22	
21	29	20	6	19	2	16	5	
23	28	13	6	26	9	23	7	
18	28	20	23	12	24	25	6	
25	14	23	5	17	25	4	30	
2	3	13	20	27	28	13	25	
6	29	15	2	12	11	29	28	
15	9	27	15	4	22	30	22	
14	18	25	24	28	15	15	5	
14	2	28	19	8	29	4	17	
25	18	20	14	8	29	24	8	
22	23	9	29	15	20	16	14	
27	14	5	22	7	20	29	3	
14	30	15	15	13	7	21	25	
5	18	6	4	9	25	9	20	
11	11	16	14	7	7	27	1	
7	21	3	9	9	26	7	22	
5	19	12	28	27	7	26	6	
17	14	5	22	26	15	14	29	
18	25	4	11	7	20	5	10	
8	20	13	2	18	30	17	23	
20	24	11	11	27	22	1	23	
16	12	29	2	10	14	28	18	
12	13	19	14	29	2	16	26	
17	13	6	15	2	7	24	30	
Energy consumption per unit  time for processing
5	5	
6	6	
6	6	6	
6	
6	6	
5	
5	5	
6	6	
Energy consumption per unit  time for idle
4	4	
4	4	
3	3	3	
3	
4	4	
3	
3	3	
3	3	
Energy consumption per unit  time for blocking
1	1	
2	2	
1	1	1	
2	
2	2	
1	
2	2	
1	1	
