Factories	4
gJobs	100
gStage	8
Number of Machines at each stage
3	1	3	1	3	3	2	3	
Processing times of jobs
29	26	13	19	26	18	1	22	
11	7	20	21	1	7	19	27	
3	25	16	20	8	11	24	10	
13	9	20	13	16	8	22	25	
10	16	7	6	16	2	9	17	
4	25	9	26	1	8	14	23	
15	12	6	29	3	16	8	21	
11	3	7	4	2	17	11	16	
11	26	5	27	24	22	26	2	
2	3	29	4	22	5	4	7	
24	24	30	24	2	30	12	13	
18	16	29	10	10	12	3	27	
10	12	19	13	24	23	28	16	
26	23	7	19	17	10	7	9	
7	27	20	10	3	14	8	29	
1	26	2	4	10	5	1	26	
23	18	27	15	1	14	23	13	
9	18	21	30	8	19	29	11	
28	28	18	22	29	20	10	5	
3	6	15	6	17	15	15	7	
10	22	7	5	4	14	29	17	
10	1	3	23	19	7	27	7	
10	14	26	16	26	1	3	23	
29	21	16	3	22	29	22	14	
2	5	18	21	27	29	28	16	
1	14	5	25	9	19	1	15	
4	6	9	28	21	21	3	12	
26	28	25	13	5	11	25	7	
13	3	24	7	20	25	21	5	
9	4	1	3	27	27	24	29	
1	19	17	23	23	19	30	6	
29	16	16	10	15	15	2	30	
8	4	22	24	10	2	14	27	
1	18	9	18	11	18	21	3	
22	19	19	11	7	26	30	11	
15	15	13	27	18	20	4	19	
9	21	5	22	15	11	13	29	
26	22	1	6	21	29	30	7	
6	28	12	18	4	16	19	2	
5	27	11	20	14	17	11	4	
25	17	9	25	8	28	30	8	
29	27	13	15	22	14	25	11	
12	19	4	19	22	6	15	18	
15	7	6	17	10	7	21	5	
19	26	10	6	8	21	21	5	
23	12	29	25	22	18	26	1	
25	5	27	6	14	21	16	24	
26	16	19	19	9	9	3	18	
8	11	10	25	26	10	18	21	
27	23	16	25	22	30	19	16	
15	16	25	23	4	29	14	6	
11	29	8	14	27	21	9	4	
1	3	27	9	7	30	11	21	
11	1	4	24	1	26	13	27	
11	12	28	11	23	2	3	12	
5	14	28	12	5	3	6	14	
7	16	8	29	30	17	7	18	
16	12	19	23	28	25	28	1	
5	8	15	25	27	30	25	4	
3	7	17	2	27	4	22	6	
21	29	26	10	10	9	14	2	
26	5	27	20	8	8	9	26	
7	14	2	9	1	20	19	24	
18	14	27	6	29	19	28	24	
9	22	19	14	5	10	28	17	
10	13	28	16	10	7	12	10	
30	4	26	19	30	30	7	13	
1	19	17	13	4	28	24	27	
8	12	26	19	12	13	25	27	
6	6	30	5	15	24	16	12	
25	4	27	25	17	20	1	1	
10	30	10	27	17	4	24	19	
16	30	19	27	14	27	27	9	
17	25	15	13	3	2	27	20	
14	25	30	8	25	17	11	6	
26	8	24	24	15	6	10	6	
21	8	4	24	16	12	6	12	
16	28	26	5	21	30	7	26	
6	22	15	18	18	23	9	16	
26	10	20	1	27	20	22	16	
2	29	17	14	3	1	20	10	
23	20	9	3	6	19	27	5	
9	19	21	23	13	5	18	12	
5	27	10	6	9	9	17	26	
24	16	8	15	2	19	7	15	
9	2	6	27	27	27	21	20	
12	17	8	28	5	8	11	23	
2	1	12	22	17	16	30	1	
1	27	26	2	28	28	13	19	
24	6	19	19	29	25	12	11	
23	15	19	21	27	12	10	12	
12	4	6	3	26	17	25	3	
25	22	9	20	12	17	5	21	
19	3	12	14	23	30	9	28	
15	27	12	23	14	24	8	14	
22	23	6	1	2	16	25	28	
5	7	24	9	21	20	9	30	
8	16	21	3	28	4	28	13	
27	14	28	10	7	15	7	26	
27	23	4	9	24	26	12	6	
Energy consumption per unit  time for processing
6	6	6	
5	
6	6	6	
6	
6	6	6	
6	6	6	
6	6	
6	6	6	
Energy consumption per unit  time for idle
3	3	3	
4	
3	3	3	
4	
3	3	3	
4	4	4	
3	3	
3	3	3	
Energy consumption per unit  time for blocking
2	2	2	
1	
2	2	2	
1	
1	1	1	
2	2	2	
2	2	
2	2	2	
