Factories	4
gJobs	100
gStage	10
Number of Machines at each stage
3	3	3	1	1	1	3	1	3	1	
Processing times of jobs
3	4	27	15	20	14	23	5	23	9	
22	5	22	24	3	18	23	30	17	25	
24	4	9	5	6	19	29	11	11	15	
23	3	13	17	29	2	1	3	28	6	
14	30	19	23	27	18	4	1	19	22	
6	9	8	30	7	1	6	10	27	27	
13	16	13	5	15	8	16	21	11	28	
25	4	11	18	20	12	3	10	26	11	
10	15	25	13	30	4	14	30	6	29	
18	16	6	1	17	14	25	10	29	4	
17	2	6	1	23	6	24	22	20	11	
17	3	18	28	21	30	10	17	22	13	
13	11	27	8	17	30	15	4	3	17	
21	25	28	6	23	25	15	24	29	23	
21	3	5	6	7	14	28	18	23	19	
5	23	18	26	29	13	16	14	15	18	
20	28	8	23	15	13	23	14	22	21	
4	23	11	11	16	21	30	8	9	20	
23	9	1	21	3	5	18	13	8	29	
4	24	26	29	10	6	23	17	25	22	
12	6	4	26	12	18	18	10	17	2	
25	17	18	20	21	19	28	2	12	14	
13	14	19	17	9	17	28	29	5	3	
3	23	14	5	19	9	8	6	28	24	
8	21	23	29	17	15	10	6	8	22	
20	11	29	15	7	9	26	3	27	3	
9	11	8	8	8	17	22	21	22	16	
13	11	2	21	9	28	10	27	1	10	
15	8	22	6	25	20	18	29	17	23	
5	15	19	15	19	27	16	24	29	2	
28	16	4	5	21	30	11	24	29	13	
26	25	25	3	6	4	11	20	14	9	
26	25	3	30	3	6	9	18	27	5	
29	13	20	19	17	3	12	9	14	15	
13	28	14	17	15	10	14	13	17	20	
7	21	24	18	2	16	30	13	8	27	
15	10	21	2	4	1	22	30	23	25	
5	16	6	30	1	6	17	6	3	14	
10	4	29	15	13	26	10	24	3	13	
12	10	30	16	5	7	5	19	6	11	
2	17	5	27	24	28	6	22	1	24	
20	1	24	12	10	15	26	12	23	23	
24	27	12	27	26	8	20	10	19	20	
4	11	22	8	14	23	14	27	26	7	
2	4	5	29	27	17	6	29	9	1	
18	27	27	11	17	22	10	15	3	15	
20	9	23	6	13	12	1	10	3	14	
25	25	24	1	5	12	10	29	9	17	
26	16	4	23	20	29	24	30	29	30	
12	17	12	23	29	28	10	13	9	19	
9	8	30	9	12	2	11	1	27	5	
29	14	24	8	10	21	6	18	9	13	
25	17	15	30	27	24	7	28	15	15	
26	22	30	28	9	17	4	24	29	14	
25	24	29	28	27	8	27	13	10	12	
23	24	10	11	18	23	18	3	10	2	
12	29	20	25	4	3	5	16	14	24	
14	24	17	13	24	9	21	27	7	6	
17	14	9	17	10	30	14	9	10	12	
14	3	12	29	2	19	29	13	29	27	
29	21	28	29	28	29	27	29	1	22	
16	10	14	7	9	5	16	30	15	12	
26	7	12	4	3	29	27	28	29	1	
1	10	15	16	4	29	18	8	22	28	
16	13	21	28	28	10	25	19	21	18	
29	20	28	9	14	24	27	3	13	25	
10	25	30	29	27	23	25	4	30	13	
29	22	13	15	25	16	26	6	30	15	
3	27	6	23	26	5	6	30	7	24	
1	2	8	8	19	27	5	19	21	18	
27	26	23	29	26	27	22	5	27	15	
3	22	16	20	7	21	19	9	11	2	
11	28	12	12	3	8	22	1	5	2	
23	3	3	22	15	4	25	20	9	13	
10	12	5	2	4	30	18	9	15	29	
15	25	1	16	2	19	3	15	10	7	
14	14	26	5	20	13	7	27	28	23	
15	30	27	17	4	1	23	29	5	4	
22	30	14	29	2	8	30	13	11	11	
11	16	10	20	14	13	13	18	26	27	
21	15	20	26	6	16	24	2	26	25	
22	8	11	27	8	28	23	25	19	17	
24	19	12	18	3	11	11	1	18	28	
19	9	23	11	15	19	9	4	19	1	
12	1	20	4	17	16	2	2	18	20	
11	6	18	29	8	13	10	29	24	15	
17	19	18	15	24	13	15	28	25	28	
7	16	27	25	28	4	6	10	1	15	
5	24	5	18	29	25	29	17	23	16	
14	11	25	2	16	3	22	20	2	20	
21	9	10	17	5	4	11	4	15	21	
22	27	8	12	10	26	20	15	26	4	
24	11	16	17	19	13	12	5	17	21	
7	7	29	24	24	4	7	15	25	28	
3	29	9	2	25	15	16	16	23	18	
18	2	12	2	21	23	4	7	12	13	
16	7	9	4	1	11	29	12	17	3	
12	16	11	6	8	2	4	24	24	3	
2	6	29	19	19	10	23	1	24	20	
23	26	22	13	28	3	1	22	21	13	
Energy consumption per unit  time for processing
6	6	6	
5	5	5	
6	6	6	
5	
5	
6	
6	6	6	
5	
6	6	6	
5	
Energy consumption per unit  time for idle
3	3	3	
3	3	3	
4	4	4	
4	
3	
4	
4	4	4	
4	
4	4	4	
4	
Energy consumption per unit  time for blocking
1	1	1	
2	2	2	
2	2	2	
1	
1	
1	
2	2	2	
2	
2	2	2	
2	
