Factories	5
gJobs	100
gStage	10
Number of Machines at each stage
2	2	3	2	3	2	3	2	2	1	
Processing times of jobs
2	18	23	30	25	30	21	10	9	7	
29	18	26	5	6	1	17	14	22	5	
7	17	23	25	26	10	26	11	25	18	
24	29	5	9	11	20	7	21	16	2	
27	6	30	1	26	27	17	14	2	9	
15	19	10	29	6	24	16	14	27	23	
12	11	12	23	10	8	19	1	28	1	
29	14	29	19	24	5	28	6	21	29	
13	25	30	24	4	13	20	23	5	7	
13	13	22	6	30	18	1	14	16	4	
1	15	4	20	13	12	30	6	27	12	
26	5	23	30	16	25	10	14	6	1	
14	10	9	28	14	13	5	25	8	30	
8	2	10	19	1	5	16	11	20	7	
24	21	24	3	16	27	27	22	27	12	
1	3	6	29	8	1	8	26	27	28	
15	5	11	12	6	27	3	4	11	24	
29	15	20	11	16	12	3	9	13	11	
29	5	4	30	15	30	16	25	1	21	
24	14	7	17	27	15	4	5	16	18	
3	21	3	27	14	6	13	27	26	30	
23	4	7	1	4	10	19	1	11	12	
18	26	28	5	3	11	20	28	26	17	
29	30	16	14	24	20	28	18	19	29	
6	13	11	16	7	24	3	1	29	24	
2	1	9	7	14	28	8	7	9	18	
21	3	8	11	2	7	1	29	30	9	
16	29	20	14	19	23	14	27	7	17	
12	17	1	25	7	27	26	23	10	9	
7	11	15	1	11	28	22	24	20	9	
19	10	26	25	16	5	18	5	25	14	
20	25	8	6	10	11	4	24	24	16	
21	3	6	24	25	10	5	6	25	29	
7	11	14	23	18	18	5	18	2	12	
9	2	19	2	14	26	29	8	3	5	
24	21	20	19	12	26	30	16	30	6	
3	5	27	12	3	10	23	23	30	7	
11	9	14	10	5	21	15	9	1	11	
23	20	14	23	10	11	4	26	14	1	
1	22	25	16	17	12	21	29	8	11	
1	6	24	30	8	26	2	29	22	17	
27	1	28	12	19	20	6	5	16	23	
2	9	22	15	6	6	15	10	1	24	
10	5	22	27	19	6	25	14	20	10	
17	24	9	19	23	11	4	19	17	27	
4	28	5	18	17	4	20	5	11	29	
21	27	22	30	3	5	21	17	27	12	
11	22	26	28	3	10	29	4	28	27	
3	18	11	24	9	8	17	10	4	29	
9	16	22	16	11	11	21	28	18	22	
26	18	16	30	9	23	19	30	26	15	
7	12	10	28	21	8	3	15	24	8	
9	14	9	18	19	6	6	4	30	21	
30	4	8	7	29	2	2	11	10	30	
12	21	9	16	13	27	18	9	22	8	
4	11	21	26	30	12	4	14	8	24	
16	11	2	28	1	17	10	29	17	13	
11	9	13	14	11	26	3	17	9	17	
16	3	12	10	9	6	9	7	14	2	
11	29	30	14	24	11	15	6	14	20	
23	26	24	22	22	13	3	25	12	8	
27	15	6	27	3	5	2	30	6	27	
2	21	19	6	27	26	6	10	17	15	
4	30	15	18	17	16	27	20	1	17	
17	30	8	10	20	27	14	7	4	14	
11	5	10	13	28	27	9	8	25	10	
30	16	24	28	12	12	2	10	20	29	
26	28	3	7	30	29	27	1	12	3	
21	8	4	26	20	4	5	17	28	1	
9	17	26	2	16	2	22	8	25	3	
18	24	24	13	4	26	17	13	24	29	
10	12	26	30	14	9	29	30	17	27	
5	11	14	30	20	22	17	11	11	20	
9	1	12	25	16	20	12	7	27	5	
7	2	9	21	24	14	2	9	24	25	
12	21	4	17	15	26	21	28	11	5	
2	30	11	1	16	7	12	18	24	26	
7	28	25	9	4	5	8	12	8	5	
16	14	6	26	9	19	19	26	11	29	
22	1	26	11	17	25	20	13	20	26	
29	30	20	14	13	30	24	19	27	8	
2	16	19	15	17	6	10	1	26	17	
29	27	14	25	22	1	25	20	23	11	
13	29	22	25	30	22	25	16	23	8	
19	28	10	14	29	29	10	6	6	27	
22	12	1	13	4	16	18	29	16	8	
29	10	11	2	22	23	11	1	17	17	
15	13	2	1	27	2	8	21	28	6	
22	3	25	28	12	21	27	17	6	20	
14	3	2	18	4	13	5	2	20	18	
6	11	24	10	5	15	1	28	6	7	
17	3	24	5	1	13	1	3	21	13	
22	20	9	11	22	5	13	13	13	23	
19	22	13	8	21	16	13	3	10	29	
9	25	7	2	14	25	12	26	12	27	
30	17	14	3	4	19	22	19	9	18	
7	10	14	20	23	20	4	16	14	16	
27	9	15	13	14	8	12	10	24	9	
8	11	2	23	20	21	15	3	12	28	
16	6	18	5	14	15	19	1	21	13	
Energy consumption per unit  time for processing
5	5	
5	5	
6	6	6	
5	5	
6	6	6	
6	6	
6	6	6	
6	6	
5	5	
6	
Energy consumption per unit  time for idle
3	3	
4	4	
4	4	4	
4	4	
4	4	4	
3	3	
3	3	3	
4	4	
3	3	
3	
Energy consumption per unit  time for blocking
1	1	
2	2	
1	1	1	
1	1	
2	2	2	
2	2	
2	2	2	
2	2	
2	2	
2	
