Factories	2
gJobs	100
gStage	10
Number of Machines at each stage
1	1	1	2	2	3	3	3	3	1	
Processing times of jobs
5	8	29	21	4	22	27	3	19	3	
6	9	14	30	5	28	27	2	7	5	
12	16	23	15	27	9	25	10	23	17	
13	5	13	3	6	3	21	20	13	13	
12	25	20	29	8	6	14	4	15	10	
19	21	5	22	3	8	15	10	26	6	
6	25	23	15	3	6	4	23	28	9	
29	12	13	25	12	17	27	19	28	15	
27	25	8	21	21	30	10	29	7	4	
28	21	4	19	20	15	5	9	2	4	
29	21	17	30	12	4	28	11	13	2	
30	29	25	16	9	1	18	9	22	8	
2	20	3	29	7	27	18	23	1	30	
8	28	26	3	8	4	12	21	10	24	
5	12	4	3	27	28	18	10	30	24	
30	1	30	29	25	5	9	28	5	28	
30	6	22	30	11	25	17	27	6	17	
13	11	24	4	16	2	18	6	1	16	
3	9	25	26	17	16	22	11	2	14	
2	6	26	23	15	4	10	2	6	17	
8	16	28	2	30	5	20	14	19	27	
7	5	2	19	4	23	2	12	15	18	
3	18	24	10	21	8	14	10	2	21	
20	11	28	17	25	9	7	3	2	26	
12	14	15	3	29	26	15	7	4	10	
27	16	9	2	7	1	18	26	17	10	
8	27	17	23	28	6	3	14	15	6	
14	25	11	15	4	22	2	13	19	18	
21	27	24	20	25	13	12	26	17	20	
23	22	26	25	20	12	21	9	5	11	
25	21	12	16	8	19	26	11	6	12	
9	23	13	18	6	14	24	30	18	26	
5	3	26	13	4	7	24	24	2	17	
5	17	11	20	6	18	26	14	24	22	
15	20	25	9	9	16	15	25	23	19	
23	3	23	8	3	27	7	14	3	8	
9	5	23	28	27	14	20	21	30	16	
1	30	26	10	24	4	19	15	16	29	
15	9	13	22	26	4	5	19	11	30	
12	1	2	24	18	6	4	8	4	10	
2	10	11	11	16	18	28	8	27	24	
5	11	7	4	1	5	8	25	30	17	
30	25	24	22	21	27	29	26	15	13	
14	15	20	13	13	12	30	23	16	23	
9	24	14	17	26	29	9	13	23	8	
25	18	12	4	9	6	27	14	7	26	
24	4	24	4	2	26	19	11	8	9	
22	1	26	16	8	15	16	28	23	20	
5	20	21	22	10	12	30	1	12	11	
27	17	15	8	29	11	11	14	12	30	
26	25	11	9	11	19	18	3	5	24	
13	1	22	20	11	17	5	2	2	14	
6	30	15	16	21	8	30	8	15	17	
9	30	8	11	22	9	6	20	6	13	
28	8	2	15	26	23	15	30	1	13	
1	13	10	26	23	15	22	10	21	11	
4	6	12	12	8	14	25	21	21	16	
2	10	27	11	11	4	5	26	25	13	
26	29	10	2	20	20	22	27	16	25	
2	12	21	14	9	26	12	27	21	25	
10	25	13	14	2	2	22	15	2	22	
2	13	18	26	19	29	23	21	1	20	
1	24	27	15	8	6	9	25	24	9	
17	1	14	20	15	24	8	13	11	12	
16	16	17	4	14	8	11	4	5	28	
5	19	12	2	17	17	2	23	20	17	
1	13	4	1	7	14	18	14	19	11	
28	23	3	1	14	21	2	16	5	17	
20	13	28	10	28	6	10	18	9	30	
2	4	18	20	24	9	1	2	14	17	
24	30	21	1	1	29	12	18	4	25	
11	28	27	10	24	7	29	17	16	11	
7	16	17	6	21	25	1	21	1	27	
20	9	15	2	26	22	5	17	20	21	
3	2	18	17	24	10	19	16	17	22	
20	3	3	22	24	7	18	10	28	25	
8	10	3	6	6	26	29	22	13	10	
10	2	2	20	26	2	30	25	13	3	
26	19	15	26	17	7	14	17	24	28	
20	8	30	10	7	18	20	21	8	21	
5	23	21	29	1	17	16	28	25	22	
10	22	23	23	29	10	12	5	13	8	
15	10	29	12	17	16	22	6	15	18	
9	19	26	5	8	5	28	11	1	25	
29	22	25	29	16	2	25	22	12	13	
11	24	13	17	24	6	16	19	10	28	
1	20	12	11	8	15	23	30	24	19	
13	29	9	14	7	9	3	28	5	23	
11	6	26	6	19	18	2	17	11	25	
8	19	19	21	19	29	27	26	13	3	
29	29	5	18	19	13	15	16	1	6	
30	5	12	25	15	22	29	30	19	15	
20	1	8	6	1	15	10	6	24	16	
12	8	23	26	6	10	4	16	25	4	
20	17	25	23	29	9	16	25	15	30	
14	24	15	14	24	1	27	29	18	2	
27	8	21	24	18	1	4	3	14	8	
22	1	25	5	12	11	20	15	1	22	
20	28	16	13	15	25	9	6	24	19	
28	14	15	5	11	9	25	13	30	19	
Energy consumption per unit  time for processing
5	
5	
6	
5	5	
5	5	
6	6	6	
5	5	5	
5	5	5	
6	6	6	
5	
Energy consumption per unit  time for idle
3	
4	
3	
4	4	
4	4	
4	4	4	
4	4	4	
3	3	3	
3	3	3	
3	
Energy consumption per unit  time for blocking
1	
1	
2	
2	2	
2	2	
2	2	2	
1	1	1	
1	1	1	
2	2	2	
1	
