Factories	5
gJobs	100
gStage	5
Number of Machines at each stage
1	1	1	1	2	
Processing times of jobs
25	9	2	2	13	
6	14	14	24	4	
25	20	6	11	8	
13	7	12	20	4	
14	23	2	6	18	
10	17	8	19	26	
22	11	21	7	19	
29	5	26	16	16	
5	19	18	15	25	
30	8	28	9	5	
6	28	21	2	8	
3	27	13	17	28	
20	5	30	13	10	
22	4	21	3	11	
10	19	3	10	12	
19	20	25	7	13	
19	13	18	15	30	
12	16	26	8	19	
14	9	7	29	24	
22	10	20	19	22	
13	5	18	13	12	
8	26	13	13	9	
6	8	23	29	14	
24	26	29	10	11	
20	4	20	11	8	
23	24	16	2	24	
29	26	16	13	8	
12	27	28	11	21	
30	9	13	21	20	
24	20	8	17	14	
11	28	27	11	11	
9	2	20	5	7	
16	1	11	30	6	
19	1	18	18	5	
5	5	26	2	7	
6	8	22	9	11	
5	26	30	3	7	
2	20	13	21	13	
29	1	26	28	4	
29	3	8	30	27	
3	6	4	17	17	
7	9	29	30	16	
12	12	21	5	27	
10	15	23	6	17	
23	21	26	6	11	
4	12	27	4	24	
26	15	5	13	9	
9	5	10	25	27	
22	30	30	27	19	
2	12	2	11	20	
16	14	19	7	20	
11	9	1	30	9	
1	14	12	21	2	
9	13	5	29	14	
2	13	14	30	17	
4	8	9	4	19	
21	24	23	16	23	
20	20	18	16	5	
15	25	15	1	6	
15	11	29	7	16	
4	5	19	7	17	
24	19	23	14	27	
5	10	22	25	11	
20	3	17	4	28	
27	24	19	13	20	
15	10	26	28	20	
13	24	18	5	12	
4	5	14	19	12	
25	26	7	13	14	
20	4	6	20	9	
24	6	17	13	6	
13	8	24	25	23	
19	25	22	20	17	
5	23	26	14	19	
8	19	30	21	4	
5	4	7	25	21	
29	30	29	6	30	
2	5	20	22	25	
6	6	19	21	1	
9	17	20	3	21	
5	11	13	22	29	
13	3	26	12	3	
5	25	20	7	8	
6	6	25	1	2	
6	16	19	11	6	
7	22	29	26	6	
5	7	23	15	9	
27	6	25	27	20	
24	23	16	24	9	
13	5	26	13	28	
20	10	3	22	27	
18	23	20	22	14	
1	6	10	12	18	
20	12	25	22	14	
12	9	15	10	21	
20	4	5	3	4	
23	6	17	26	21	
20	27	15	6	30	
9	22	21	6	9	
6	14	28	12	24	
Energy consumption per unit  time for processing
5	
5	
5	
5	
6	6	
Energy consumption per unit  time for idle
3	
3	
3	
3	
3	3	
Energy consumption per unit  time for blocking
1	
2	
1	
1	
1	1	
