Factories	5
gJobs	100
gStage	8
Number of Machines at each stage
2	2	2	2	2	2	1	2	
Processing times of jobs
28	9	8	5	8	3	7	27	
28	6	27	4	5	19	22	3	
27	9	21	9	29	16	17	1	
3	21	18	14	22	11	23	20	
24	8	19	25	21	28	5	13	
16	1	20	4	29	17	28	6	
6	7	14	8	26	16	7	13	
21	29	7	29	1	12	2	3	
6	4	15	7	11	17	9	13	
12	25	3	27	9	30	29	25	
27	4	13	5	28	17	18	14	
17	24	24	7	3	18	16	1	
24	17	7	13	7	14	26	27	
16	29	13	24	24	10	16	3	
4	29	15	5	3	3	23	25	
2	18	14	24	15	18	30	17	
20	23	23	14	13	5	1	23	
11	4	11	14	12	15	18	8	
29	11	8	4	11	13	6	16	
12	1	25	16	1	19	5	17	
4	7	11	17	25	19	17	15	
29	3	28	14	19	6	26	28	
20	15	30	7	2	5	6	2	
11	16	14	15	15	21	12	11	
21	23	26	22	7	26	27	11	
14	28	4	26	19	7	26	2	
13	12	29	23	18	3	16	25	
17	27	24	11	9	23	12	25	
7	26	16	28	11	9	9	11	
10	13	28	14	16	18	7	13	
29	3	5	11	13	28	23	2	
20	26	28	22	25	7	2	19	
27	8	4	10	22	24	6	1	
17	8	18	17	10	12	24	21	
2	3	7	29	11	18	6	18	
12	16	1	16	30	19	4	6	
2	7	15	18	11	5	12	21	
2	30	13	12	12	23	22	27	
1	3	19	29	1	17	12	3	
11	1	6	4	8	20	29	11	
20	2	12	19	22	23	18	27	
26	21	21	14	16	18	26	26	
5	5	30	16	17	10	28	11	
14	23	20	11	26	22	9	14	
15	5	28	15	30	24	12	14	
11	15	13	27	29	26	27	24	
11	9	25	29	22	30	20	9	
25	19	9	16	22	25	17	25	
5	26	4	27	7	28	29	3	
22	23	28	29	30	10	20	16	
14	13	22	26	19	20	3	13	
2	21	16	13	9	29	17	9	
10	4	19	16	15	12	20	9	
21	6	30	16	13	30	27	21	
4	10	25	2	26	20	19	15	
21	4	24	10	1	27	4	11	
15	13	23	8	8	16	7	30	
18	24	27	6	22	12	27	25	
26	1	28	2	21	28	12	1	
6	4	16	30	16	8	11	15	
28	23	3	10	30	18	7	12	
9	25	24	19	26	30	29	9	
17	28	19	4	19	22	13	24	
23	5	13	4	29	28	6	22	
24	13	30	1	9	29	20	20	
24	10	13	5	2	11	12	24	
15	11	9	1	7	8	5	28	
22	6	28	29	22	25	4	15	
23	8	17	15	23	9	28	13	
17	13	13	24	2	6	7	4	
29	24	1	28	15	3	6	14	
21	19	16	12	4	27	11	7	
28	12	21	8	13	15	22	2	
17	22	11	4	15	22	3	15	
9	10	23	1	4	9	26	7	
20	22	20	17	17	19	8	24	
1	23	15	8	29	11	30	12	
2	29	10	12	27	7	15	28	
7	18	24	8	6	8	20	6	
26	12	4	18	28	11	23	12	
2	8	4	25	25	17	8	29	
5	15	21	19	10	22	10	8	
22	17	2	8	3	26	20	11	
19	16	9	12	29	25	21	10	
14	7	14	27	3	14	20	3	
27	13	25	8	22	27	19	8	
12	24	7	12	15	2	9	6	
19	20	15	8	8	22	1	15	
9	26	20	10	25	12	21	9	
4	7	25	7	9	16	10	6	
10	6	21	9	14	4	6	21	
18	22	22	30	5	19	27	20	
12	9	18	12	1	7	9	10	
10	17	26	14	3	18	6	24	
10	28	24	22	10	16	10	20	
10	2	21	5	28	10	29	11	
1	17	16	7	19	4	9	26	
23	29	24	12	22	9	20	10	
27	3	17	23	15	11	18	19	
13	14	7	29	2	29	6	4	
Energy consumption per unit  time for processing
5	5	
6	6	
6	6	
6	6	
6	6	
5	5	
5	
6	6	
Energy consumption per unit  time for idle
3	3	
4	4	
4	4	
4	4	
3	3	
4	4	
3	
4	4	
Energy consumption per unit  time for blocking
1	1	
1	1	
2	2	
1	1	
1	1	
1	1	
2	
1	1	
