Factories	5
gJobs	50
gStage	8
Number of Machines at each stage
1	2	2	2	1	2	3	3	
Processing times of jobs
18	22	12	11	24	21	29	19	
9	22	21	22	24	16	1	25	
19	9	19	11	21	29	10	25	
2	2	8	4	21	12	21	16	
29	27	4	8	4	2	8	22	
14	1	29	22	24	2	29	20	
8	23	28	8	2	27	10	21	
7	12	29	2	20	8	26	4	
2	14	20	10	9	29	20	16	
7	30	9	3	20	13	23	5	
17	9	5	28	25	4	11	28	
3	2	23	28	14	22	17	18	
19	17	30	11	3	25	2	28	
3	4	22	29	29	5	16	11	
1	20	20	22	13	22	6	22	
4	19	1	3	24	3	13	7	
5	19	21	20	15	6	8	19	
17	23	2	5	5	27	3	9	
24	22	21	17	6	17	12	30	
18	16	15	17	26	13	12	25	
17	26	11	25	14	12	22	2	
25	17	11	4	3	23	28	8	
5	4	6	3	11	25	25	29	
29	27	25	23	11	13	4	27	
15	10	11	22	10	4	23	14	
25	30	14	15	28	9	27	9	
4	2	1	12	5	16	19	10	
11	24	2	15	28	15	17	15	
11	5	13	4	4	9	15	9	
16	12	24	21	12	23	1	16	
8	18	26	15	22	9	22	10	
22	15	7	26	21	7	3	23	
10	17	21	22	19	25	16	30	
9	3	26	20	19	19	17	27	
8	25	15	22	11	22	10	12	
30	30	14	7	9	13	14	12	
29	2	22	10	7	1	9	10	
1	25	24	22	12	9	4	11	
10	12	20	2	3	11	20	25	
5	22	3	29	9	11	6	11	
25	14	2	25	22	19	15	8	
30	10	12	7	22	25	13	20	
12	11	29	20	4	19	17	25	
5	14	18	13	7	14	24	20	
14	30	22	9	15	11	20	9	
26	15	16	28	10	1	23	29	
5	1	14	7	8	2	3	27	
1	26	11	9	5	10	5	19	
28	2	28	21	7	19	10	28	
13	4	22	14	12	20	29	1	
Energy consumption per unit  time for processing
6	
5	5	
6	6	
6	6	
5	
6	6	
5	5	5	
5	5	5	
Energy consumption per unit  time for idle
3	
3	3	
4	4	
3	3	
3	
3	3	
3	3	3	
4	4	4	
Energy consumption per unit  time for blocking
2	
2	2	
2	2	
2	2	
2	
2	2	
2	2	2	
1	1	1	
