Factories	5
gJobs	50
gStage	10
Number of Machines at each stage
2	1	2	3	2	1	3	2	3	2	
Processing times of jobs
22	30	26	6	19	17	22	2	12	2	
23	6	15	24	16	15	9	7	20	7	
28	22	25	20	25	21	17	10	24	19	
22	25	10	28	26	4	20	3	27	19	
25	14	8	19	29	20	19	28	5	25	
6	18	16	11	9	1	2	27	19	4	
9	7	28	23	6	18	1	27	17	5	
19	17	16	24	22	11	9	19	15	9	
3	30	22	25	1	8	13	8	20	7	
3	4	10	10	10	5	4	14	10	1	
27	4	10	21	7	25	9	10	10	7	
26	6	12	29	13	4	20	26	19	28	
16	11	26	7	1	28	18	8	15	18	
14	8	12	29	8	30	22	29	2	28	
17	3	8	26	3	8	2	13	30	16	
8	10	4	13	28	24	3	20	4	27	
27	24	11	12	25	12	8	29	6	7	
4	4	3	27	17	22	17	28	26	7	
8	26	1	5	3	11	19	3	5	13	
17	29	1	4	4	15	7	21	12	21	
14	22	13	16	22	8	14	4	17	20	
17	23	24	14	8	25	13	19	19	16	
15	18	3	26	15	19	16	5	19	17	
5	27	29	12	21	4	23	1	13	2	
15	20	24	21	16	5	2	10	1	21	
12	5	5	7	16	2	29	24	25	1	
10	5	18	10	24	10	30	2	9	17	
10	5	26	27	5	9	14	30	11	11	
21	1	22	7	16	21	6	30	7	4	
22	2	11	27	7	16	21	27	30	19	
19	18	7	9	24	14	20	8	19	30	
27	18	3	27	7	14	6	14	1	23	
26	23	25	30	17	6	2	17	29	19	
28	26	20	30	28	12	5	2	9	16	
25	12	8	23	5	17	26	10	14	27	
9	28	12	21	14	11	8	3	7	1	
27	5	30	13	13	14	27	28	24	21	
30	17	30	12	18	1	22	16	3	4	
28	5	2	17	3	17	5	20	15	22	
4	17	16	27	12	26	3	9	16	26	
18	9	11	18	18	14	12	10	22	7	
24	30	24	24	6	24	11	16	5	25	
18	20	18	4	21	30	14	5	8	12	
22	23	5	19	14	23	16	1	4	26	
27	11	9	7	17	29	6	19	11	13	
10	20	28	19	25	14	21	9	8	29	
1	29	15	7	3	16	26	10	16	30	
13	18	24	16	26	10	22	10	16	22	
26	18	9	13	11	22	24	17	11	4	
16	18	17	21	26	4	19	21	5	6	
Energy consumption per unit  time for processing
5	5	
5	
5	5	
5	5	5	
6	6	
5	
5	5	5	
6	6	
5	5	5	
5	5	
Energy consumption per unit  time for idle
4	4	
4	
4	4	
4	4	4	
3	3	
3	
3	3	3	
4	4	
3	3	3	
4	4	
Energy consumption per unit  time for blocking
2	2	
2	
1	1	
1	1	1	
1	1	
1	
1	1	1	
2	2	
2	2	2	
1	1	
