Factories	5
gJobs	50
gStage	5
Number of Machines at each stage
1	2	1	1	3	
Processing times of jobs
15	21	6	16	8	
24	7	6	27	20	
19	8	25	30	17	
5	29	4	18	6	
5	28	3	30	17	
22	8	7	18	27	
20	7	26	25	4	
12	18	1	19	3	
3	27	19	3	28	
22	10	12	12	20	
27	28	27	6	11	
11	12	26	9	9	
9	1	24	14	6	
2	16	16	23	23	
21	22	20	14	18	
25	9	8	30	22	
1	18	10	8	27	
7	8	11	23	19	
12	30	26	3	25	
1	5	20	20	20	
17	24	2	6	6	
21	5	17	26	4	
6	9	12	20	19	
11	6	19	23	8	
22	5	29	28	25	
9	7	29	17	12	
6	10	18	14	16	
8	11	16	23	12	
23	21	28	13	15	
6	3	29	20	18	
17	12	3	26	1	
2	28	14	11	14	
28	19	10	30	25	
4	28	6	13	18	
9	3	10	18	8	
24	14	10	23	29	
14	17	27	1	25	
13	23	21	25	13	
30	17	20	15	19	
29	14	16	5	8	
14	15	15	15	25	
9	9	14	29	7	
6	1	8	18	1	
25	1	20	14	14	
20	12	23	27	15	
20	9	4	19	2	
24	21	11	11	6	
16	30	22	19	29	
1	8	21	2	28	
12	11	10	21	17	
Energy consumption per unit  time for processing
6	
6	6	
6	
6	
6	6	6	
Energy consumption per unit  time for idle
4	
4	4	
4	
4	
4	4	4	
Energy consumption per unit  time for blocking
2	
1	1	
2	
1	
1	1	1	
