Factories	6
gJobs	50
gStage	8
Number of Machines at each stage
3	1	2	3	1	1	3	1	
Processing times of jobs
17	13	7	27	7	6	28	16	
26	28	29	4	20	28	4	30	
21	23	24	21	12	4	3	16	
22	22	14	5	4	7	30	11	
22	18	16	27	9	20	26	19	
4	8	9	30	23	11	5	4	
29	17	14	18	4	27	8	14	
17	16	29	28	27	3	25	29	
27	15	30	21	26	24	3	4	
17	1	13	5	8	9	18	22	
19	19	10	9	29	21	17	29	
2	10	18	25	8	27	1	22	
25	22	18	11	17	15	30	17	
23	9	20	4	6	6	25	13	
28	30	7	18	13	11	20	10	
5	19	13	23	28	16	3	28	
2	23	16	27	27	19	16	29	
18	9	22	19	9	23	14	6	
3	5	12	29	18	10	8	3	
28	18	16	6	19	25	2	5	
12	3	22	7	27	17	2	22	
14	19	6	25	11	22	28	29	
7	5	9	24	17	22	28	15	
11	22	15	13	3	5	25	17	
26	28	28	23	21	22	14	2	
16	14	13	16	29	27	30	26	
22	1	21	7	24	28	2	23	
25	15	30	13	3	28	26	4	
5	28	5	3	25	15	10	15	
17	21	21	10	23	13	14	29	
14	2	15	24	20	18	15	6	
13	25	19	16	1	29	3	12	
29	21	11	8	30	17	15	11	
3	23	27	19	27	13	13	16	
18	9	3	10	15	13	16	19	
27	9	24	26	29	20	21	7	
14	10	24	6	3	18	30	3	
28	3	6	29	3	3	26	2	
5	18	28	13	29	11	13	26	
11	25	7	6	2	6	15	17	
20	30	27	18	7	23	12	5	
6	4	20	5	8	21	15	5	
6	20	24	17	29	23	23	10	
12	22	2	7	15	29	19	29	
11	8	11	19	16	14	11	18	
14	9	30	1	9	10	24	22	
12	5	12	30	17	12	7	13	
30	7	8	5	18	26	20	27	
26	17	30	23	18	7	21	3	
16	26	27	10	28	29	30	1	
Energy consumption per unit  time for processing
5	5	5	
5	
6	6	
5	5	5	
5	
6	
5	5	5	
6	
Energy consumption per unit  time for idle
4	4	4	
3	
3	3	
4	4	4	
3	
3	
4	4	4	
4	
Energy consumption per unit  time for blocking
2	2	2	
2	
1	1	
2	2	2	
1	
2	
2	2	2	
1	
