Factories	6
gJobs	50
gStage	5
Number of Machines at each stage
1	2	2	2	3	
Processing times of jobs
14	5	1	23	12	
9	5	3	14	27	
27	20	29	12	12	
10	23	18	23	16	
27	11	18	21	7	
12	6	7	1	30	
29	2	11	17	16	
1	24	27	15	30	
23	25	29	11	19	
24	15	26	25	7	
6	7	28	13	9	
4	23	30	9	4	
8	4	23	9	23	
3	19	26	18	18	
4	3	8	15	22	
27	27	4	25	10	
3	28	15	19	1	
16	14	12	22	5	
7	27	11	9	17	
5	19	24	8	20	
23	14	22	25	27	
18	3	23	25	4	
15	11	9	30	6	
6	6	8	7	26	
24	26	19	18	21	
21	28	27	14	17	
23	9	30	5	24	
18	13	3	14	27	
27	17	9	11	16	
11	23	3	24	11	
13	23	12	21	3	
21	12	18	1	24	
23	26	22	20	16	
18	16	3	2	21	
5	24	18	18	8	
15	24	11	27	20	
20	21	30	9	7	
8	21	3	9	5	
12	14	9	4	28	
8	24	5	25	26	
27	22	14	15	5	
27	4	1	9	5	
4	18	5	7	14	
8	23	19	13	12	
25	25	10	15	9	
6	1	3	9	8	
20	27	12	20	3	
5	12	5	10	5	
7	30	9	19	18	
22	5	6	4	19	
Energy consumption per unit  time for processing
5	
5	5	
6	6	
6	6	
5	5	5	
Energy consumption per unit  time for idle
3	
4	4	
3	3	
3	3	
4	4	4	
Energy consumption per unit  time for blocking
2	
2	2	
2	2	
1	1	
1	1	1	
