Factories	6
gJobs	100
gStage	10
Number of Machines at each stage
1	3	1	1	3	3	2	1	3	3	
Processing times of jobs
30	1	18	16	7	15	27	15	26	14	
7	1	29	9	9	7	11	28	27	15	
28	21	16	16	15	30	24	12	30	22	
25	2	20	1	30	9	12	17	12	29	
17	13	18	9	24	7	23	28	23	4	
23	28	11	7	12	24	26	18	27	27	
19	6	3	18	5	9	29	11	23	26	
12	25	17	12	28	7	16	2	24	16	
23	27	4	5	9	30	27	24	5	15	
30	11	16	12	22	22	14	19	26	4	
6	5	24	9	11	17	28	11	5	13	
5	7	19	10	4	20	9	3	29	18	
15	9	29	18	19	3	4	16	13	12	
4	30	30	10	9	15	18	27	10	13	
28	17	13	30	17	9	17	4	9	5	
18	6	15	24	10	20	30	30	18	7	
18	12	23	23	27	10	21	23	30	26	
25	28	20	11	16	3	13	10	17	3	
5	1	7	17	27	25	14	15	23	13	
6	3	26	5	5	16	6	1	6	5	
15	27	10	20	15	24	8	6	6	6	
21	28	4	13	9	23	2	22	10	10	
23	9	15	23	27	27	12	19	17	23	
25	6	9	23	21	30	9	9	2	13	
3	27	30	3	6	4	5	27	12	4	
14	13	19	29	14	18	27	11	28	4	
2	25	29	22	18	27	3	6	30	25	
19	26	1	28	7	11	18	18	13	24	
9	19	11	14	26	26	25	10	25	25	
17	29	12	26	10	21	19	2	2	15	
10	11	26	15	11	18	26	16	22	15	
21	26	14	10	14	17	28	19	11	22	
17	10	1	26	9	6	23	3	22	15	
15	1	30	27	19	11	20	4	27	8	
4	6	3	25	13	12	13	2	11	21	
12	30	16	28	30	5	30	19	21	16	
21	7	11	15	3	18	25	8	7	11	
9	23	23	20	9	7	14	20	29	29	
6	29	7	1	8	26	6	28	25	26	
12	26	28	16	30	17	29	9	9	11	
1	25	21	4	1	17	21	28	4	17	
5	30	10	12	27	25	15	29	9	30	
10	29	1	3	8	11	11	2	22	27	
17	7	23	25	24	27	28	9	6	20	
25	14	5	10	28	5	2	8	24	16	
19	28	20	25	17	16	23	17	28	12	
15	15	22	16	23	27	12	1	29	19	
27	27	29	24	2	9	26	30	17	6	
17	12	18	24	29	25	10	28	17	19	
6	16	10	8	22	16	9	13	5	17	
14	20	11	30	5	15	4	29	26	24	
15	19	26	18	1	25	29	4	9	3	
15	4	24	14	11	17	6	18	15	20	
13	15	15	16	26	25	23	28	22	24	
30	10	18	3	28	23	9	5	12	11	
14	6	10	3	12	24	13	26	28	15	
20	23	6	9	29	30	15	12	28	9	
17	16	8	15	29	14	7	29	19	6	
15	30	16	3	30	11	5	28	26	22	
17	25	25	7	24	3	23	28	28	21	
18	10	13	15	23	26	1	13	23	1	
9	28	19	26	28	4	17	30	28	12	
29	27	26	1	20	23	15	1	5	30	
16	20	15	13	1	3	28	11	10	14	
17	10	25	22	4	13	2	25	8	9	
23	21	22	17	11	1	21	5	7	26	
19	8	18	19	26	2	9	16	10	15	
1	13	22	29	6	12	28	26	3	21	
9	11	23	6	15	3	3	13	28	9	
8	9	7	18	6	6	9	6	28	18	
8	22	2	28	12	25	3	21	20	5	
17	24	6	1	21	27	9	30	15	23	
22	2	15	18	15	13	5	12	18	8	
25	28	20	5	26	7	7	23	6	5	
26	21	13	17	7	19	25	1	4	14	
10	17	28	18	19	24	17	19	21	11	
20	17	27	4	4	30	24	2	21	6	
28	27	30	23	12	8	23	3	19	6	
9	19	6	23	9	8	9	17	19	17	
11	24	12	1	12	8	28	16	6	3	
8	8	12	23	19	14	3	6	19	21	
4	16	28	10	25	15	4	7	25	17	
3	6	24	24	10	13	8	18	29	16	
29	28	28	10	14	3	11	19	28	15	
25	3	7	1	11	21	10	19	24	26	
11	18	15	18	30	19	4	30	1	2	
10	9	25	19	11	10	7	4	18	6	
23	11	15	28	27	7	9	23	26	28	
8	4	22	8	17	25	26	17	12	15	
13	2	9	4	21	15	25	13	30	15	
21	12	15	25	13	18	29	22	28	15	
13	18	3	21	13	21	4	21	25	23	
20	21	24	28	16	19	14	12	10	25	
1	6	27	22	19	28	10	14	25	1	
16	12	14	2	12	14	17	6	1	6	
21	2	17	11	17	7	10	23	6	24	
6	5	19	14	22	29	16	28	11	21	
3	2	27	29	12	23	19	3	16	15	
14	23	5	4	22	24	15	27	23	28	
18	7	22	20	23	27	6	10	12	14	
Energy consumption per unit  time for processing
6	
5	5	5	
5	
6	
6	6	6	
6	6	6	
5	5	
6	
5	5	5	
6	6	6	
Energy consumption per unit  time for idle
3	
4	4	4	
3	
3	
3	3	3	
4	4	4	
3	3	
3	
3	3	3	
4	4	4	
Energy consumption per unit  time for blocking
2	
2	2	2	
1	
2	
1	1	1	
2	2	2	
2	2	
1	
2	2	2	
2	2	2	
