Factories	6
gJobs	100
gStage	5
Number of Machines at each stage
3	3	3	3	1	
Processing times of jobs
24	22	27	17	18	
21	12	11	11	2	
3	3	10	23	3	
19	1	26	25	14	
5	28	25	27	8	
30	15	8	2	30	
1	7	6	29	8	
18	11	22	4	13	
25	25	29	23	24	
9	14	12	22	21	
15	8	22	2	14	
4	7	17	17	23	
19	8	29	8	27	
23	14	1	20	14	
23	30	21	2	17	
21	16	21	2	30	
21	23	22	26	4	
30	22	27	7	28	
9	7	23	5	7	
18	24	16	7	22	
26	25	16	24	2	
13	24	19	21	9	
15	10	19	1	9	
19	26	26	25	29	
29	25	2	1	13	
14	23	7	7	29	
25	2	28	3	16	
22	29	14	1	5	
4	5	2	18	21	
7	10	12	28	8	
28	9	6	6	13	
28	25	24	25	17	
11	8	23	19	27	
24	11	8	7	7	
1	26	5	2	7	
5	10	23	13	24	
11	30	3	12	19	
27	10	25	13	5	
20	29	7	17	21	
8	14	27	29	23	
16	21	11	18	26	
25	4	16	10	23	
2	29	18	24	10	
23	28	22	5	15	
28	3	5	25	27	
28	12	26	17	8	
22	21	28	22	6	
20	16	22	8	2	
27	15	18	14	9	
11	14	5	24	30	
28	26	29	29	28	
30	28	5	20	17	
12	6	11	2	26	
29	15	13	29	8	
5	2	24	23	5	
21	13	1	11	25	
18	25	2	5	12	
19	27	4	9	22	
25	21	12	26	5	
8	9	6	19	22	
17	7	11	28	4	
29	27	26	10	28	
6	11	28	6	7	
26	26	13	13	5	
14	1	14	7	12	
10	6	15	25	14	
21	22	4	9	13	
27	28	1	15	8	
21	30	13	28	13	
6	19	1	28	25	
12	14	14	14	17	
23	8	28	16	2	
7	27	5	23	25	
14	24	11	29	23	
14	12	1	1	8	
21	3	9	15	17	
12	17	14	14	28	
17	7	30	11	12	
17	18	22	21	13	
14	2	30	5	21	
27	30	10	26	22	
11	30	3	25	25	
12	17	25	15	16	
11	16	19	24	9	
14	28	28	28	8	
13	17	21	8	9	
19	9	24	12	5	
18	17	20	21	23	
2	13	12	14	14	
7	3	15	21	24	
28	19	11	21	5	
30	26	2	30	27	
24	24	9	6	9	
12	2	1	16	21	
29	6	18	6	19	
19	1	10	22	21	
7	8	24	27	10	
29	28	25	19	20	
28	22	1	29	28	
11	3	13	21	19	
Energy consumption per unit  time for processing
6	6	6	
6	6	6	
6	6	6	
5	5	5	
6	
Energy consumption per unit  time for idle
3	3	3	
3	3	3	
3	3	3	
3	3	3	
4	
Energy consumption per unit  time for blocking
2	2	2	
2	2	2	
2	2	2	
2	2	2	
2	
