Factories	6
gJobs	100
gStage	8
Number of Machines at each stage
1	2	2	1	2	1	1	2	
Processing times of jobs
27	30	11	13	12	18	5	2	
14	4	5	17	30	1	25	17	
21	23	26	19	13	29	10	21	
23	11	24	14	5	15	24	15	
17	30	30	13	27	15	23	10	
6	30	9	12	20	19	3	20	
27	1	23	18	28	16	13	14	
1	3	7	25	8	7	1	28	
1	5	18	25	7	20	14	1	
30	26	7	29	27	26	2	12	
7	14	17	16	2	26	24	14	
17	11	19	5	19	23	30	5	
30	13	16	13	20	26	16	16	
7	26	11	30	24	11	25	5	
8	1	10	30	3	30	8	13	
11	17	26	5	12	8	28	15	
25	6	10	12	25	17	8	4	
12	21	2	28	16	11	8	13	
8	23	29	8	22	7	23	26	
30	4	27	5	24	1	25	27	
29	14	23	6	16	2	5	4	
18	6	24	27	28	6	26	19	
22	16	4	28	8	1	9	18	
23	11	12	5	29	13	24	1	
2	11	13	23	10	14	18	29	
4	13	11	19	21	25	21	11	
23	10	27	10	7	15	20	8	
30	18	22	8	6	6	29	13	
1	12	16	27	2	15	4	18	
3	22	3	25	28	30	20	27	
4	25	24	28	3	7	24	27	
3	28	10	4	13	29	2	9	
9	12	24	25	3	16	5	12	
11	28	28	25	18	28	27	18	
12	25	17	16	15	10	12	24	
10	26	11	13	19	26	11	22	
17	23	17	14	8	22	4	14	
29	30	26	19	2	24	14	25	
27	8	26	10	27	17	14	4	
17	12	10	11	1	16	8	17	
16	9	7	12	14	27	15	24	
24	15	29	12	2	22	5	19	
28	14	17	4	12	14	4	26	
13	9	5	5	4	8	27	22	
19	6	8	25	30	20	4	24	
29	17	19	8	29	5	28	10	
18	13	23	22	23	10	24	25	
23	30	7	12	13	4	10	11	
3	11	7	29	18	15	19	7	
25	14	10	26	16	19	22	16	
14	1	20	30	11	10	22	19	
15	21	24	12	14	29	18	22	
19	28	20	15	1	25	30	27	
23	12	25	8	4	3	3	23	
5	29	29	23	7	15	14	18	
28	24	27	1	6	21	3	30	
22	1	9	9	16	23	15	4	
28	14	14	20	24	30	26	11	
16	24	18	16	23	5	28	28	
8	30	6	29	13	5	8	25	
12	25	10	11	20	27	30	23	
14	24	13	19	5	15	10	13	
6	13	28	29	14	2	8	16	
19	26	20	3	28	8	14	29	
2	3	19	18	6	26	5	16	
30	30	28	23	24	22	11	30	
30	10	13	12	22	17	24	13	
21	23	9	14	1	14	13	3	
9	27	8	11	13	12	8	8	
6	28	25	13	11	17	5	25	
11	5	6	8	13	9	11	27	
2	8	22	19	29	28	7	24	
2	2	1	28	4	12	26	25	
8	27	7	25	27	11	30	11	
5	3	23	1	20	2	19	8	
15	27	9	9	11	3	15	20	
12	9	26	21	20	1	3	11	
9	7	1	27	24	21	22	22	
1	15	3	21	24	15	23	26	
26	6	9	5	7	23	2	1	
3	26	21	7	16	3	27	17	
10	10	3	4	21	26	24	12	
4	22	14	1	22	25	14	2	
3	6	16	18	20	11	18	25	
4	29	27	10	4	9	2	13	
15	24	14	10	16	26	18	3	
11	10	7	5	3	26	28	11	
6	18	19	23	28	20	10	29	
25	25	6	18	21	18	28	21	
14	16	2	25	19	16	16	2	
5	27	14	27	9	17	1	22	
24	10	8	27	14	30	6	6	
7	25	6	13	20	26	13	6	
30	23	11	6	12	7	4	20	
13	29	29	28	28	29	20	26	
28	19	7	30	24	3	4	3	
28	20	7	6	24	18	17	29	
8	12	5	13	16	23	20	15	
4	22	6	14	15	28	7	4	
29	4	10	12	9	24	30	11	
Energy consumption per unit  time for processing
6	
5	5	
6	6	
6	
5	5	
6	
6	
5	5	
Energy consumption per unit  time for idle
4	
4	4	
3	3	
4	
4	4	
3	
3	
3	3	
Energy consumption per unit  time for blocking
2	
1	1	
1	1	
2	
2	2	
2	
2	
2	2	
