Factories	6
gJobs	50
gStage	10
Number of Machines at each stage
1	3	3	1	1	2	3	3	3	3	
Processing times of jobs
20	14	21	22	1	25	20	29	29	30	
1	19	19	6	19	29	11	21	24	17	
20	5	10	10	15	11	15	10	29	22	
1	28	25	20	8	22	25	21	15	16	
15	13	19	26	19	21	24	12	26	19	
15	28	9	18	7	24	12	1	27	30	
8	2	27	19	1	19	3	15	12	8	
24	28	4	16	26	13	27	15	10	26	
5	2	5	28	28	25	19	9	20	23	
28	1	26	16	23	9	9	19	27	1	
10	24	8	2	28	22	7	15	10	7	
5	8	8	30	8	7	19	15	11	15	
17	11	8	27	5	11	9	6	20	30	
2	15	2	11	16	11	23	16	23	12	
21	29	19	1	12	21	30	16	12	9	
3	21	21	16	30	13	18	25	24	7	
22	1	23	24	16	25	25	19	25	9	
29	26	12	27	17	13	27	29	30	28	
14	22	4	14	15	5	16	23	19	5	
7	19	21	22	20	16	17	9	2	8	
27	6	12	17	24	26	17	21	27	27	
15	18	21	26	21	8	26	19	18	14	
19	30	19	14	1	13	8	26	10	1	
1	3	23	21	18	15	5	22	26	16	
21	12	21	8	15	15	25	6	14	23	
24	25	15	29	15	21	10	28	15	16	
21	27	9	22	11	30	10	1	9	10	
13	24	6	20	15	5	18	22	17	26	
18	2	2	4	5	20	5	17	23	20	
24	29	8	22	7	9	19	5	13	26	
10	20	7	30	20	27	27	19	16	1	
21	19	8	1	3	20	29	9	18	30	
21	30	20	2	9	2	20	6	27	13	
6	24	6	4	29	5	28	10	4	13	
29	16	22	8	12	25	10	4	22	12	
5	6	16	22	25	21	8	6	29	10	
7	7	14	16	13	23	28	13	10	25	
28	10	9	22	22	17	20	27	1	30	
19	21	17	24	23	2	30	23	25	9	
23	29	19	27	24	1	11	11	17	26	
17	28	30	22	2	4	30	17	13	29	
1	29	6	24	7	30	20	10	27	24	
26	2	27	22	23	5	9	5	21	15	
28	25	5	17	19	14	19	26	20	28	
5	1	4	28	22	23	4	8	19	9	
25	29	14	19	24	26	1	29	16	5	
3	17	14	1	23	9	8	16	10	6	
29	15	27	12	24	9	19	15	13	10	
2	21	16	13	1	9	18	28	16	24	
12	17	26	13	8	9	30	5	22	9	
Energy consumption per unit  time for processing
5	
5	5	5	
5	5	5	
6	
5	
6	6	
5	5	5	
5	5	5	
6	6	6	
6	6	6	
Energy consumption per unit  time for idle
4	
4	4	4	
3	3	3	
4	
3	
4	4	
3	3	3	
4	4	4	
4	4	4	
3	3	3	
Energy consumption per unit  time for blocking
1	
2	2	2	
2	2	2	
2	
2	
2	2	
2	2	2	
1	1	1	
1	1	1	
2	2	2	
