Factories	6
gJobs	250
gStage	5
Number of Machines at each stage
2	2	1	3	1	
Processing times of jobs
23	14	25	29	5	
14	27	14	15	6	
22	9	11	10	4	
29	17	3	2	8	
1	4	6	30	2	
25	22	27	5	5	
2	19	13	17	29	
8	25	1	17	22	
1	9	19	23	23	
10	2	7	22	4	
27	8	4	6	13	
26	27	30	2	6	
23	21	25	6	9	
24	16	6	22	8	
10	20	30	17	8	
3	6	4	7	9	
7	9	13	1	21	
15	6	12	22	21	
21	6	5	22	3	
5	22	7	12	22	
29	5	11	8	27	
12	27	7	20	24	
15	22	22	21	3	
5	18	6	17	8	
30	29	27	26	22	
5	14	21	10	5	
15	28	23	21	16	
27	3	26	8	23	
16	7	19	1	15	
9	10	18	4	19	
22	25	4	22	14	
3	17	19	5	11	
12	11	25	10	7	
1	5	6	12	19	
9	11	24	20	3	
27	26	27	19	24	
14	29	19	20	25	
24	24	1	9	20	
26	5	17	26	6	
9	19	25	24	28	
11	9	26	3	23	
19	17	9	30	22	
20	22	27	15	12	
29	24	3	19	10	
15	21	29	23	28	
24	8	7	16	22	
11	29	25	26	24	
7	22	21	19	24	
22	15	2	7	4	
1	25	18	30	16	
8	6	19	28	24	
20	4	21	29	9	
7	2	11	3	19	
20	9	13	2	1	
3	30	30	26	25	
19	15	12	29	25	
12	15	7	18	14	
8	27	28	16	15	
26	1	25	8	16	
12	12	6	10	30	
16	4	7	23	17	
1	30	16	5	24	
14	11	15	12	24	
4	23	10	22	27	
1	9	15	19	19	
23	15	28	13	7	
25	21	16	26	7	
15	5	5	23	26	
14	2	15	10	1	
10	11	2	17	22	
29	4	1	15	26	
28	30	30	23	10	
27	14	27	28	25	
29	29	27	28	25	
9	8	5	17	21	
14	21	4	18	1	
19	17	14	3	27	
29	19	16	1	25	
22	25	19	25	8	
1	25	24	1	6	
16	28	4	1	18	
17	24	22	24	10	
1	20	16	11	1	
13	9	15	20	8	
18	4	18	22	24	
30	15	21	4	22	
8	6	9	7	27	
14	14	29	10	13	
9	23	14	29	1	
15	7	14	29	22	
10	4	30	24	19	
6	16	12	20	4	
25	17	24	29	30	
24	28	8	28	20	
22	5	15	20	3	
18	29	12	20	26	
14	20	16	8	5	
26	5	19	6	4	
30	18	25	6	18	
3	23	5	30	20	
30	30	9	24	28	
15	18	26	11	18	
2	16	25	23	18	
29	6	27	5	7	
7	25	29	18	7	
18	17	29	8	25	
13	15	15	12	29	
14	3	30	10	17	
19	2	21	30	6	
3	11	15	9	11	
1	30	8	23	14	
16	6	25	21	24	
1	1	26	20	29	
3	13	18	8	12	
25	25	22	15	5	
22	15	25	29	6	
16	19	27	5	30	
24	17	6	26	26	
2	25	19	29	13	
6	17	7	13	29	
24	24	3	8	11	
1	4	17	7	28	
20	27	9	2	17	
25	2	6	24	1	
3	14	11	15	5	
2	22	17	25	30	
11	26	7	5	2	
1	1	27	18	2	
3	17	22	10	17	
6	1	18	21	13	
19	15	20	15	6	
13	22	15	1	3	
20	15	3	8	18	
24	12	11	5	4	
12	14	3	26	17	
3	22	19	23	26	
25	1	8	23	19	
8	20	6	27	26	
24	3	11	19	5	
19	30	25	11	16	
25	12	18	8	4	
21	25	15	20	4	
27	16	27	13	2	
21	7	24	11	27	
18	10	22	15	11	
21	25	15	30	10	
26	10	28	22	6	
25	9	29	2	16	
13	30	9	4	25	
18	8	1	11	17	
22	7	17	6	18	
5	7	23	23	10	
21	18	29	17	30	
14	28	18	29	13	
19	7	2	28	7	
26	13	13	30	12	
8	25	29	12	3	
8	2	2	5	4	
4	4	29	28	13	
18	24	27	28	4	
23	5	26	30	20	
4	13	18	2	16	
11	14	3	1	28	
20	20	18	17	6	
22	17	22	20	25	
16	11	26	12	30	
24	14	11	22	17	
13	16	24	26	17	
25	18	3	19	26	
12	29	17	9	7	
3	10	26	8	10	
27	21	21	17	17	
29	23	18	16	9	
3	28	7	1	20	
18	8	26	12	6	
18	22	17	3	4	
15	4	30	18	7	
8	29	30	6	18	
23	21	20	13	24	
28	4	30	13	26	
1	30	15	23	21	
16	16	12	21	4	
22	30	17	24	12	
16	22	13	29	1	
6	27	21	16	12	
4	11	20	4	28	
20	18	2	24	1	
26	11	16	1	4	
22	15	9	11	16	
12	1	17	24	24	
16	14	3	17	15	
4	18	11	11	27	
2	24	21	28	25	
18	14	7	26	29	
5	23	11	24	29	
11	14	18	22	5	
10	4	4	28	29	
13	8	2	22	21	
5	22	1	30	25	
7	12	6	5	21	
13	24	9	24	9	
16	20	16	4	2	
23	16	17	27	3	
1	9	19	21	1	
5	24	24	6	16	
29	13	11	28	28	
21	1	26	7	7	
2	25	1	30	25	
18	21	19	5	13	
19	18	5	21	8	
28	21	19	29	6	
26	20	8	1	8	
16	25	6	14	23	
9	22	24	21	15	
17	3	22	2	25	
28	2	15	23	23	
25	19	8	24	26	
25	17	5	30	23	
12	4	11	12	3	
29	18	3	17	29	
6	8	25	7	1	
15	27	11	9	6	
28	11	4	8	27	
9	1	26	14	2	
11	8	18	13	2	
18	18	5	27	17	
16	19	16	15	24	
8	28	3	1	19	
30	11	27	4	24	
21	17	2	19	13	
6	28	11	18	3	
28	2	11	25	5	
9	18	3	26	10	
30	24	29	12	3	
19	11	14	13	12	
16	30	29	26	27	
20	21	9	4	25	
8	19	22	30	13	
26	16	17	9	6	
16	18	1	16	1	
20	1	1	11	26	
20	25	23	13	29	
20	13	16	14	6	
4	4	1	1	21	
4	5	7	9	2	
22	21	14	5	12	
20	13	8	4	2	
9	15	14	18	10	
16	22	30	18	10	
10	23	10	3	10	
Energy consumption per unit  time for processing
6	6	
6	6	
6	
5	5	5	
5	
Energy consumption per unit  time for idle
4	4	
4	4	
4	
4	4	4	
4	
Energy consumption per unit  time for blocking
1	1	
1	1	
1	
2	2	2	
2	
